# vtk DataFile Version 3.0
cell
ASCII
DATASET STRUCTURED_POINTS
DIMENSIONS 12 12 1
ORIGIN 0 0 0
SPACING 1 1 1
POINT_DATA 144
SCALARS cell double
LOOKUP_TABLE default
1 1 1 1 1 1 1 1 1 1 1 1 
1 0.999952 0.999909 0.999872 0.999846 0.999833 0.999833 0.999846 0.999872 0.999909 0.999952 1 
1 0.999909 0.999825 0.999755 0.999705 0.999679 0.999679 0.999705 0.999755 0.999825 0.999909 1 
1 0.999872 0.999755 0.999657 0.999588 0.999551 0.999551 0.999588 0.999657 0.999755 0.999872 1 
1 0.999846 0.999705 0.999588 0.999504 0.99946 0.99946 0.999504 0.999588 0.999705 0.999846 1 
1 0.999833 0.999679 0.999551 0.99946 0.999412 0.999412 0.99946 0.999551 0.999679 0.999833 1 
1 0.999833 0.999679 0.999551 0.99946 0.999412 0.999412 0.99946 0.999551 0.999679 0.999833 1 
1 0.999846 0.999705 0.999588 0.999504 0.99946 0.99946 0.999504 0.999588 0.999705 0.999846 1 
1 0.999872 0.999755 0.999657 0.999588 0.999551 0.999551 0.999588 0.999657 0.999755 0.999872 1 
1 0.999909 0.999825 0.999755 0.999705 0.999679 0.999679 0.999705 0.999755 0.999825 0.999909 1 
1 0.999952 0.999909 0.999872 0.999846 0.999833 0.999833 0.999846 0.999872 0.999909 0.999952 1 
1 1 1 1 1 1 1 1 1 1 1 1 

