# vtk DataFile Version 3.0
cell
ASCII
DATASET STRUCTURED_POINTS
DIMENSIONS 12 12 1
ORIGIN 0 0 0
SPACING 1 1 1
POINT_DATA 144
SCALARS cell double
LOOKUP_TABLE default
1 1 1 1 1 1 1 1 1 1 1 1 
1 0.999802 0.99962 0.999469 0.999361 0.999304 0.999304 0.999361 0.999469 0.99962 0.999802 1 
1 0.99962 0.999271 0.998981 0.998773 0.998665 0.998665 0.998773 0.998981 0.999271 0.99962 1 
1 0.999469 0.998981 0.998575 0.998285 0.998134 0.998134 0.998285 0.998575 0.998981 0.999469 1 
1 0.999361 0.998773 0.998285 0.997936 0.997754 0.997754 0.997936 0.998285 0.998773 0.999361 1 
1 0.999304 0.998665 0.998134 0.997754 0.997556 0.997556 0.997754 0.998134 0.998665 0.999304 1 
1 0.999304 0.998665 0.998134 0.997754 0.997556 0.997556 0.997754 0.998134 0.998665 0.999304 1 
1 0.999361 0.998773 0.998285 0.997936 0.997754 0.997754 0.997936 0.998285 0.998773 0.999361 1 
1 0.999469 0.998981 0.998575 0.998285 0.998134 0.998134 0.998285 0.998575 0.998981 0.999469 1 
1 0.99962 0.999271 0.998981 0.998773 0.998665 0.998665 0.998773 0.998981 0.999271 0.99962 1 
1 0.999802 0.99962 0.999469 0.999361 0.999304 0.999304 0.999361 0.999469 0.99962 0.999802 1 
1 1 1 1 1 1 1 1 1 1 1 1 

