# vtk DataFile Version 3.0
cell
ASCII
DATASET STRUCTURED_POINTS
DIMENSIONS 12 12 1
ORIGIN 0 0 0
SPACING 1 1 1
POINT_DATA 144
SCALARS cell double
LOOKUP_TABLE default
1 1 1 1 1 1 1 1 1 1 1 1 
1 0.999596 0.999225 0.998917 0.998697 0.998582 0.998582 0.998697 0.998917 0.999225 0.999596 1 
1 0.999225 0.998513 0.997922 0.997499 0.997278 0.997278 0.997499 0.997922 0.998513 0.999225 1 
1 0.998917 0.997922 0.997095 0.996504 0.996196 0.996196 0.996504 0.997095 0.997922 0.998917 1 
1 0.998697 0.997499 0.996504 0.995792 0.995421 0.995421 0.995792 0.996504 0.997499 0.998697 1 
1 0.998582 0.997278 0.996196 0.995421 0.995017 0.995017 0.995421 0.996196 0.997278 0.998582 1 
1 0.998582 0.997278 0.996196 0.995421 0.995017 0.995017 0.995421 0.996196 0.997278 0.998582 1 
1 0.998697 0.997499 0.996504 0.995792 0.995421 0.995421 0.995792 0.996504 0.997499 0.998697 1 
1 0.998917 0.997922 0.997095 0.996504 0.996196 0.996196 0.996504 0.997095 0.997922 0.998917 1 
1 0.999225 0.998513 0.997922 0.997499 0.997278 0.997278 0.997499 0.997922 0.998513 0.999225 1 
1 0.999596 0.999225 0.998917 0.998697 0.998582 0.998582 0.998697 0.998917 0.999225 0.999596 1 
1 1 1 1 1 1 1 1 1 1 1 1 

