# vtk DataFile Version 3.0
cell
ASCII
DATASET STRUCTURED_POINTS
DIMENSIONS 12 12 1
ORIGIN 0 0 0
SPACING 1 1 1
POINT_DATA 144
SCALARS cell double
LOOKUP_TABLE default
1 1 1 1 1 1 1 1 1 1 1 1 
1 0.995113 0.990622 0.986891 0.984222 0.982831 0.982831 0.984222 0.986891 0.990622 0.995113 1 
1 0.990622 0.982004 0.974844 0.969722 0.967053 0.967053 0.969722 0.974844 0.982004 0.990622 1 
1 0.986891 0.974844 0.964835 0.957675 0.953944 0.953944 0.957675 0.964835 0.974844 0.986891 1 
1 0.984222 0.969722 0.957675 0.949057 0.944566 0.944566 0.949057 0.957675 0.969722 0.984222 1 
1 0.982831 0.967053 0.953944 0.944566 0.939679 0.939679 0.944566 0.953944 0.967053 0.982831 1 
1 0.982831 0.967053 0.953944 0.944566 0.939679 0.939679 0.944566 0.953944 0.967053 0.982831 1 
1 0.984222 0.969722 0.957675 0.949057 0.944566 0.944566 0.949057 0.957675 0.969722 0.984222 1 
1 0.986891 0.974844 0.964835 0.957675 0.953944 0.953944 0.957675 0.964835 0.974844 0.986891 1 
1 0.990622 0.982004 0.974844 0.969722 0.967053 0.967053 0.969722 0.974844 0.982004 0.990622 1 
1 0.995113 0.990622 0.986891 0.984222 0.982831 0.982831 0.984222 0.986891 0.990622 0.995113 1 
1 1 1 1 1 1 1 1 1 1 1 1 

