# vtk DataFile Version 3.0
cell
ASCII
DATASET STRUCTURED_POINTS
DIMENSIONS 12 12 1
ORIGIN 0 0 0
SPACING 1 1 1
POINT_DATA 144
SCALARS cell double
LOOKUP_TABLE default
1 1 1 1 1 1 1 1 1 1 1 1 
1 0.99983 0.999674 0.999544 0.999451 0.999403 0.999403 0.999451 0.999544 0.999674 0.99983 1 
1 0.999674 0.999374 0.999125 0.998947 0.998854 0.998854 0.998947 0.999125 0.999374 0.999674 1 
1 0.999544 0.999125 0.998777 0.998528 0.998398 0.998398 0.998528 0.998777 0.999125 0.999544 1 
1 0.999451 0.998947 0.998528 0.998228 0.998072 0.998072 0.998228 0.998528 0.998947 0.999451 1 
1 0.999403 0.998854 0.998398 0.998072 0.997902 0.997902 0.998072 0.998398 0.998854 0.999403 1 
1 0.999403 0.998854 0.998398 0.998072 0.997902 0.997902 0.998072 0.998398 0.998854 0.999403 1 
1 0.999451 0.998947 0.998528 0.998228 0.998072 0.998072 0.998228 0.998528 0.998947 0.999451 1 
1 0.999544 0.999125 0.998777 0.998528 0.998398 0.998398 0.998528 0.998777 0.999125 0.999544 1 
1 0.999674 0.999374 0.999125 0.998947 0.998854 0.998854 0.998947 0.999125 0.999374 0.999674 1 
1 0.99983 0.999674 0.999544 0.999451 0.999403 0.999403 0.999451 0.999544 0.999674 0.99983 1 
1 1 1 1 1 1 1 1 1 1 1 1 

