# vtk DataFile Version 3.0
cell
ASCII
DATASET STRUCTURED_POINTS
DIMENSIONS 12 12 1
ORIGIN 0 0 0
SPACING 1 1 1
POINT_DATA 144
SCALARS cell double
LOOKUP_TABLE default
1 1 1 1 1 1 1 1 1 1 1 1 
1 0.999995 0.999991 0.999987 0.999984 0.999983 0.999983 0.999984 0.999987 0.999991 0.999995 1 
1 0.999991 0.999982 0.999975 0.99997 0.999967 0.999967 0.99997 0.999975 0.999982 0.999991 1 
1 0.999987 0.999975 0.999965 0.999958 0.999955 0.999955 0.999958 0.999965 0.999975 0.999987 1 
1 0.999984 0.99997 0.999958 0.99995 0.999945 0.999945 0.99995 0.999958 0.99997 0.999984 1 
1 0.999983 0.999967 0.999955 0.999945 0.99994 0.99994 0.999945 0.999955 0.999967 0.999983 1 
1 0.999983 0.999967 0.999955 0.999945 0.99994 0.99994 0.999945 0.999955 0.999967 0.999983 1 
1 0.999984 0.99997 0.999958 0.99995 0.999945 0.999945 0.99995 0.999958 0.99997 0.999984 1 
1 0.999987 0.999975 0.999965 0.999958 0.999955 0.999955 0.999958 0.999965 0.999975 0.999987 1 
1 0.999991 0.999982 0.999975 0.99997 0.999967 0.999967 0.99997 0.999975 0.999982 0.999991 1 
1 0.999995 0.999991 0.999987 0.999984 0.999983 0.999983 0.999984 0.999987 0.999991 0.999995 1 
1 1 1 1 1 1 1 1 1 1 1 1 

