# vtk DataFile Version 3.0
cell
ASCII
DATASET STRUCTURED_POINTS
DIMENSIONS 12 12 1
ORIGIN 0 0 0
SPACING 1 1 1
POINT_DATA 144
SCALARS cell double
LOOKUP_TABLE default
1 1 1 1 1 1 1 1 1 1 1 1 
1 0.999616 0.999264 0.998971 0.998761 0.998652 0.998652 0.998761 0.998971 0.999264 0.999616 1 
1 0.999264 0.998587 0.998025 0.997623 0.997413 0.997413 0.997623 0.998025 0.998587 0.999264 1 
1 0.998971 0.998025 0.997239 0.996677 0.996384 0.996384 0.996677 0.997239 0.998025 0.998971 1 
1 0.998761 0.997623 0.996677 0.996001 0.995648 0.995648 0.996001 0.996677 0.997623 0.998761 1 
1 0.998652 0.997413 0.996384 0.995648 0.995265 0.995265 0.995648 0.996384 0.997413 0.998652 1 
1 0.998652 0.997413 0.996384 0.995648 0.995265 0.995265 0.995648 0.996384 0.997413 0.998652 1 
1 0.998761 0.997623 0.996677 0.996001 0.995648 0.995648 0.996001 0.996677 0.997623 0.998761 1 
1 0.998971 0.998025 0.997239 0.996677 0.996384 0.996384 0.996677 0.997239 0.998025 0.998971 1 
1 0.999264 0.998587 0.998025 0.997623 0.997413 0.997413 0.997623 0.998025 0.998587 0.999264 1 
1 0.999616 0.999264 0.998971 0.998761 0.998652 0.998652 0.998761 0.998971 0.999264 0.999616 1 
1 1 1 1 1 1 1 1 1 1 1 1 

