# vtk DataFile Version 3.0
cell
ASCII
DATASET STRUCTURED_POINTS
DIMENSIONS 12 12 1
ORIGIN 0 0 0
SPACING 1 1 1
POINT_DATA 144
SCALARS cell double
LOOKUP_TABLE default
1 1 1 1 1 1 1 1 1 1 1 1 
1 0.919493 0.849227 0.795942 0.761683 0.745328 0.745328 0.761683 0.795942 0.849227 0.919493 1 
1 0.849227 0.717649 0.61789 0.553767 0.523163 0.523163 0.553767 0.61789 0.717649 0.849227 1 
1 0.795942 0.61789 0.482932 0.396215 0.354839 0.354839 0.396215 0.482932 0.61789 0.795942 1 
1 0.761683 0.553767 0.396215 0.295013 0.246739 0.246739 0.295013 0.396215 0.553767 0.761683 1 
1 0.745328 0.523163 0.354839 0.246739 0.195183 0.195183 0.246739 0.354839 0.523163 0.745328 1 
1 0.745328 0.523163 0.354839 0.246739 0.195183 0.195183 0.246739 0.354839 0.523163 0.745328 1 
1 0.761683 0.553767 0.396215 0.295013 0.246739 0.246739 0.295013 0.396215 0.553767 0.761683 1 
1 0.795942 0.61789 0.482932 0.396215 0.354839 0.354839 0.396215 0.482932 0.61789 0.795942 1 
1 0.849227 0.717649 0.61789 0.553767 0.523163 0.523163 0.553767 0.61789 0.717649 0.849227 1 
1 0.919493 0.849227 0.795942 0.761683 0.745328 0.745328 0.761683 0.795942 0.849227 0.919493 1 
1 1 1 1 1 1 1 1 1 1 1 1 

