# vtk DataFile Version 3.0
cell
ASCII
DATASET STRUCTURED_POINTS
DIMENSIONS 12 12 1
ORIGIN 0 0 0
SPACING 1 1 1
POINT_DATA 144
SCALARS cell double
LOOKUP_TABLE default
1 1 1 1 1 1 1 1 1 1 1 1 
1 0.999997 0.999994 0.999991 0.999989 0.999988 0.999988 0.999989 0.999991 0.999994 0.999997 1 
1 0.999994 0.999988 0.999983 0.999979 0.999977 0.999977 0.999979 0.999983 0.999988 0.999994 1 
1 0.999991 0.999983 0.999976 0.999971 0.999968 0.999968 0.999971 0.999976 0.999983 0.999991 1 
1 0.999989 0.999979 0.999971 0.999965 0.999962 0.999962 0.999965 0.999971 0.999979 0.999989 1 
1 0.999988 0.999977 0.999968 0.999962 0.999958 0.999958 0.999962 0.999968 0.999977 0.999988 1 
1 0.999988 0.999977 0.999968 0.999962 0.999958 0.999958 0.999962 0.999968 0.999977 0.999988 1 
1 0.999989 0.999979 0.999971 0.999965 0.999962 0.999962 0.999965 0.999971 0.999979 0.999989 1 
1 0.999991 0.999983 0.999976 0.999971 0.999968 0.999968 0.999971 0.999976 0.999983 0.999991 1 
1 0.999994 0.999988 0.999983 0.999979 0.999977 0.999977 0.999979 0.999983 0.999988 0.999994 1 
1 0.999997 0.999994 0.999991 0.999989 0.999988 0.999988 0.999989 0.999991 0.999994 0.999997 1 
1 1 1 1 1 1 1 1 1 1 1 1 

