# vtk DataFile Version 3.0
cell
ASCII
DATASET STRUCTURED_POINTS
DIMENSIONS 12 12 1
ORIGIN 0 0 0
SPACING 1 1 1
POINT_DATA 144
SCALARS cell double
LOOKUP_TABLE default
1 1 1 1 1 1 1 1 1 1 1 1 
1 0.999903 0.999814 0.99974 0.999687 0.999659 0.999659 0.999687 0.99974 0.999814 0.999903 1 
1 0.999814 0.999642 0.9995 0.999398 0.999345 0.999345 0.999398 0.9995 0.999642 0.999814 1 
1 0.99974 0.9995 0.999301 0.999159 0.999085 0.999085 0.999159 0.999301 0.9995 0.99974 1 
1 0.999687 0.999398 0.999159 0.998988 0.998899 0.998899 0.998988 0.999159 0.999398 0.999687 1 
1 0.999659 0.999345 0.999085 0.998899 0.998802 0.998802 0.998899 0.999085 0.999345 0.999659 1 
1 0.999659 0.999345 0.999085 0.998899 0.998802 0.998802 0.998899 0.999085 0.999345 0.999659 1 
1 0.999687 0.999398 0.999159 0.998988 0.998899 0.998899 0.998988 0.999159 0.999398 0.999687 1 
1 0.99974 0.9995 0.999301 0.999159 0.999085 0.999085 0.999159 0.999301 0.9995 0.99974 1 
1 0.999814 0.999642 0.9995 0.999398 0.999345 0.999345 0.999398 0.9995 0.999642 0.999814 1 
1 0.999903 0.999814 0.99974 0.999687 0.999659 0.999659 0.999687 0.99974 0.999814 0.999903 1 
1 1 1 1 1 1 1 1 1 1 1 1 

