# vtk DataFile Version 3.0
cell
ASCII
DATASET STRUCTURED_POINTS
DIMENSIONS 12 12 1
ORIGIN 0 0 0
SPACING 1 1 1
POINT_DATA 144
SCALARS cell double
LOOKUP_TABLE default
1 1 1 1 1 1 1 1 1 1 1 1 
1 0.780929 0.633109 0.562796 0.538131 0.531723 0.531723 0.538131 0.562796 0.633109 0.780929 1 
1 0.633109 0.386287 0.269492 0.228801 0.21831 0.21831 0.228801 0.269492 0.386287 0.633109 1 
1 0.562796 0.269492 0.13136 0.0835262 0.0712739 0.0712739 0.0835262 0.13136 0.269492 0.562796 1 
1 0.538131 0.228801 0.0835262 0.0333905 0.0205946 0.0205946 0.0333905 0.0835262 0.228801 0.538131 1 
1 0.531723 0.21831 0.0712739 0.0205946 0.00767639 0.00767639 0.0205946 0.0712739 0.21831 0.531723 1 
1 0.531723 0.21831 0.0712739 0.0205946 0.00767639 0.00767639 0.0205946 0.0712739 0.21831 0.531723 1 
1 0.538131 0.228801 0.0835262 0.0333905 0.0205946 0.0205946 0.0333905 0.0835262 0.228801 0.538131 1 
1 0.562796 0.269492 0.13136 0.0835262 0.0712739 0.0712739 0.0835262 0.13136 0.269492 0.562796 1 
1 0.633109 0.386287 0.269492 0.228801 0.21831 0.21831 0.228801 0.269492 0.386287 0.633109 1 
1 0.780929 0.633109 0.562796 0.538131 0.531723 0.531723 0.538131 0.562796 0.633109 0.780929 1 
1 1 1 1 1 1 1 1 1 1 1 1 

