# vtk DataFile Version 3.0
cell
ASCII
DATASET STRUCTURED_POINTS
DIMENSIONS 12 12 1
ORIGIN 0 0 0
SPACING 1 1 1
POINT_DATA 144
SCALARS cell double
LOOKUP_TABLE default
1 1 1 1 1 1 1 1 1 1 1 1 
1 0.999998 0.999996 0.999994 0.999993 0.999992 0.999992 0.999993 0.999994 0.999996 0.999998 1 
1 0.999996 0.999992 0.999988 0.999986 0.999985 0.999985 0.999986 0.999988 0.999992 0.999996 1 
1 0.999994 0.999988 0.999984 0.999981 0.999979 0.999979 0.999981 0.999984 0.999988 0.999994 1 
1 0.999993 0.999986 0.999981 0.999977 0.999975 0.999975 0.999977 0.999981 0.999986 0.999993 1 
1 0.999992 0.999985 0.999979 0.999975 0.999972 0.999972 0.999975 0.999979 0.999985 0.999992 1 
1 0.999992 0.999985 0.999979 0.999975 0.999972 0.999972 0.999975 0.999979 0.999985 0.999992 1 
1 0.999993 0.999986 0.999981 0.999977 0.999975 0.999975 0.999977 0.999981 0.999986 0.999993 1 
1 0.999994 0.999988 0.999984 0.999981 0.999979 0.999979 0.999981 0.999984 0.999988 0.999994 1 
1 0.999996 0.999992 0.999988 0.999986 0.999985 0.999985 0.999986 0.999988 0.999992 0.999996 1 
1 0.999998 0.999996 0.999994 0.999993 0.999992 0.999992 0.999993 0.999994 0.999996 0.999998 1 
1 1 1 1 1 1 1 1 1 1 1 1 

