# vtk DataFile Version 3.0
cell
ASCII
DATASET STRUCTURED_POINTS
DIMENSIONS 12 12 1
ORIGIN 0 0 0
SPACING 1 1 1
POINT_DATA 144
SCALARS cell double
LOOKUP_TABLE default
1 1 1 1 1 1 1 1 1 1 1 1 
1 0.866429 0.760079 0.692124 0.657096 0.6435 0.6435 0.657096 0.692124 0.760079 0.866429 1 
1 0.760079 0.569181 0.44735 0.384655 0.360361 0.360361 0.384655 0.44735 0.569181 0.760079 1 
1 0.692124 0.44735 0.291369 0.211259 0.180278 0.180278 0.211259 0.291369 0.44735 0.692124 1 
1 0.657096 0.384655 0.211259 0.122351 0.0880236 0.0880236 0.122351 0.211259 0.384655 0.657096 1 
1 0.6435 0.360361 0.180278 0.0880236 0.052436 0.052436 0.0880236 0.180278 0.360361 0.6435 1 
1 0.6435 0.360361 0.180278 0.0880236 0.052436 0.052436 0.0880236 0.180278 0.360361 0.6435 1 
1 0.657096 0.384655 0.211259 0.122351 0.0880236 0.0880236 0.122351 0.211259 0.384655 0.657096 1 
1 0.692124 0.44735 0.291369 0.211259 0.180278 0.180278 0.211259 0.291369 0.44735 0.692124 1 
1 0.760079 0.569181 0.44735 0.384655 0.360361 0.360361 0.384655 0.44735 0.569181 0.760079 1 
1 0.866429 0.760079 0.692124 0.657096 0.6435 0.6435 0.657096 0.692124 0.760079 0.866429 1 
1 1 1 1 1 1 1 1 1 1 1 1 

