# vtk DataFile Version 3.0
cell
ASCII
DATASET STRUCTURED_POINTS
DIMENSIONS 12 12 1
ORIGIN 0 0 0
SPACING 1 1 1
POINT_DATA 144
SCALARS cell double
LOOKUP_TABLE default
1 1 1 1 1 1 1 1 1 1 1 1 
1 0.999635 0.9993 0.999022 0.998823 0.998719 0.998719 0.998823 0.999022 0.9993 0.999635 1 
1 0.9993 0.998657 0.998123 0.997741 0.997542 0.997542 0.997741 0.998123 0.998657 0.9993 1 
1 0.999022 0.998123 0.997376 0.996842 0.996564 0.996564 0.996842 0.997376 0.998123 0.999022 1 
1 0.998823 0.997741 0.996842 0.996199 0.995864 0.995864 0.996199 0.996842 0.997741 0.998823 1 
1 0.998719 0.997542 0.996564 0.995864 0.995499 0.995499 0.995864 0.996564 0.997542 0.998719 1 
1 0.998719 0.997542 0.996564 0.995864 0.995499 0.995499 0.995864 0.996564 0.997542 0.998719 1 
1 0.998823 0.997741 0.996842 0.996199 0.995864 0.995864 0.996199 0.996842 0.997741 0.998823 1 
1 0.999022 0.998123 0.997376 0.996842 0.996564 0.996564 0.996842 0.997376 0.998123 0.999022 1 
1 0.9993 0.998657 0.998123 0.997741 0.997542 0.997542 0.997741 0.998123 0.998657 0.9993 1 
1 0.999635 0.9993 0.999022 0.998823 0.998719 0.998719 0.998823 0.999022 0.9993 0.999635 1 
1 1 1 1 1 1 1 1 1 1 1 1 

