# vtk DataFile Version 3.0
cell
ASCII
DATASET STRUCTURED_POINTS
DIMENSIONS 12 12 1
ORIGIN 0 0 0
SPACING 1 1 1
POINT_DATA 144
SCALARS cell double
LOOKUP_TABLE default
1 1 1 1 1 1 1 1 1 1 1 1 
1 0.999041 0.99816 0.997428 0.996904 0.996631 0.996631 0.996904 0.997428 0.99816 0.999041 1 
1 0.99816 0.996469 0.995064 0.994059 0.993535 0.993535 0.994059 0.995064 0.996469 0.99816 1 
1 0.997428 0.995064 0.9931 0.991695 0.990963 0.990963 0.991695 0.9931 0.995064 0.997428 1 
1 0.996904 0.994059 0.991695 0.990004 0.989123 0.989123 0.990004 0.991695 0.994059 0.996904 1 
1 0.996631 0.993535 0.990963 0.989123 0.988164 0.988164 0.989123 0.990963 0.993535 0.996631 1 
1 0.996631 0.993535 0.990963 0.989123 0.988164 0.988164 0.989123 0.990963 0.993535 0.996631 1 
1 0.996904 0.994059 0.991695 0.990004 0.989123 0.989123 0.990004 0.991695 0.994059 0.996904 1 
1 0.997428 0.995064 0.9931 0.991695 0.990963 0.990963 0.991695 0.9931 0.995064 0.997428 1 
1 0.99816 0.996469 0.995064 0.994059 0.993535 0.993535 0.994059 0.995064 0.996469 0.99816 1 
1 0.999041 0.99816 0.997428 0.996904 0.996631 0.996631 0.996904 0.997428 0.99816 0.999041 1 
1 1 1 1 1 1 1 1 1 1 1 1 

