# vtk DataFile Version 3.0
cell
ASCII
DATASET STRUCTURED_POINTS
DIMENSIONS 12 12 1
ORIGIN 0 0 0
SPACING 1 1 1
POINT_DATA 144
SCALARS cell double
LOOKUP_TABLE default
1 1 1 1 1 1 1 1 1 1 1 1 
1 0.996013 0.992349 0.989305 0.987128 0.985993 0.985993 0.987128 0.989305 0.992349 0.996013 1 
1 0.992349 0.985319 0.979477 0.975299 0.973121 0.973121 0.975299 0.979477 0.985319 0.992349 1 
1 0.989305 0.979477 0.971312 0.96547 0.962426 0.962426 0.96547 0.971312 0.979477 0.989305 1 
1 0.987128 0.975299 0.96547 0.95844 0.954776 0.954776 0.95844 0.96547 0.975299 0.987128 1 
1 0.985993 0.973121 0.962426 0.954776 0.950789 0.950789 0.954776 0.962426 0.973121 0.985993 1 
1 0.985993 0.973121 0.962426 0.954776 0.950789 0.950789 0.954776 0.962426 0.973121 0.985993 1 
1 0.987128 0.975299 0.96547 0.95844 0.954776 0.954776 0.95844 0.96547 0.975299 0.987128 1 
1 0.989305 0.979477 0.971312 0.96547 0.962426 0.962426 0.96547 0.971312 0.979477 0.989305 1 
1 0.992349 0.985319 0.979477 0.975299 0.973121 0.973121 0.975299 0.979477 0.985319 0.992349 1 
1 0.996013 0.992349 0.989305 0.987128 0.985993 0.985993 0.987128 0.989305 0.992349 0.996013 1 
1 1 1 1 1 1 1 1 1 1 1 1 

