# vtk DataFile Version 3.0
cell
ASCII
DATASET STRUCTURED_POINTS
DIMENSIONS 12 12 1
ORIGIN 0 0 0
SPACING 1 1 1
POINT_DATA 144
SCALARS cell double
LOOKUP_TABLE default
1 1 1 1 1 1 1 1 1 1 1 1 
1 0.997722 0.995629 0.99389 0.992646 0.991998 0.991998 0.992646 0.99389 0.995629 0.997722 1 
1 0.995629 0.991612 0.988275 0.985888 0.984644 0.984644 0.985888 0.988275 0.991612 0.995629 1 
1 0.99389 0.988275 0.98361 0.980273 0.978534 0.978534 0.980273 0.98361 0.988275 0.99389 1 
1 0.992646 0.985888 0.980273 0.976256 0.974163 0.974163 0.976256 0.980273 0.985888 0.992646 1 
1 0.991998 0.984644 0.978534 0.974163 0.971885 0.971885 0.974163 0.978534 0.984644 0.991998 1 
1 0.991998 0.984644 0.978534 0.974163 0.971885 0.971885 0.974163 0.978534 0.984644 0.991998 1 
1 0.992646 0.985888 0.980273 0.976256 0.974163 0.974163 0.976256 0.980273 0.985888 0.992646 1 
1 0.99389 0.988275 0.98361 0.980273 0.978534 0.978534 0.980273 0.98361 0.988275 0.99389 1 
1 0.995629 0.991612 0.988275 0.985888 0.984644 0.984644 0.985888 0.988275 0.991612 0.995629 1 
1 0.997722 0.995629 0.99389 0.992646 0.991998 0.991998 0.992646 0.99389 0.995629 0.997722 1 
1 1 1 1 1 1 1 1 1 1 1 1 

