# vtk DataFile Version 3.0
cell
ASCII
DATASET STRUCTURED_POINTS
DIMENSIONS 12 12 1
ORIGIN 0 0 0
SPACING 1 1 1
POINT_DATA 144
SCALARS cell double
LOOKUP_TABLE default
1 1 1 1 1 1 1 1 1 1 1 1 
1 0.999984 0.999969 0.999956 0.999947 0.999943 0.999943 0.999947 0.999956 0.999969 0.999984 1 
1 0.999969 0.99994 0.999916 0.999899 0.99989 0.99989 0.999899 0.999916 0.99994 0.999969 1 
1 0.999956 0.999916 0.999882 0.999858 0.999846 0.999846 0.999858 0.999882 0.999916 0.999956 1 
1 0.999947 0.999899 0.999858 0.99983 0.999814 0.999814 0.99983 0.999858 0.999899 0.999947 1 
1 0.999943 0.99989 0.999846 0.999814 0.999798 0.999798 0.999814 0.999846 0.99989 0.999943 1 
1 0.999943 0.99989 0.999846 0.999814 0.999798 0.999798 0.999814 0.999846 0.99989 0.999943 1 
1 0.999947 0.999899 0.999858 0.99983 0.999814 0.999814 0.99983 0.999858 0.999899 0.999947 1 
1 0.999956 0.999916 0.999882 0.999858 0.999846 0.999846 0.999858 0.999882 0.999916 0.999956 1 
1 0.999969 0.99994 0.999916 0.999899 0.99989 0.99989 0.999899 0.999916 0.99994 0.999969 1 
1 0.999984 0.999969 0.999956 0.999947 0.999943 0.999943 0.999947 0.999956 0.999969 0.999984 1 
1 1 1 1 1 1 1 1 1 1 1 1 

