# vtk DataFile Version 3.0
cell
ASCII
DATASET STRUCTURED_POINTS
DIMENSIONS 12 12 1
ORIGIN 0 0 0
SPACING 1 1 1
POINT_DATA 144
SCALARS cell double
LOOKUP_TABLE default
1 1 1 1 1 1 1 1 1 1 1 1 
1 0.993022 0.986609 0.981281 0.977469 0.975483 0.975483 0.977469 0.981281 0.986609 0.993022 1 
1 0.986609 0.974302 0.964078 0.956764 0.952952 0.952952 0.956764 0.964078 0.974302 0.986609 1 
1 0.981281 0.964078 0.949786 0.939561 0.934234 0.934234 0.939561 0.949786 0.964078 0.981281 1 
1 0.977469 0.956764 0.939561 0.927256 0.920843 0.920843 0.927256 0.939561 0.956764 0.977469 1 
1 0.975483 0.952952 0.934234 0.920843 0.913865 0.913865 0.920843 0.934234 0.952952 0.975483 1 
1 0.975483 0.952952 0.934234 0.920843 0.913865 0.913865 0.920843 0.934234 0.952952 0.975483 1 
1 0.977469 0.956764 0.939561 0.927256 0.920843 0.920843 0.927256 0.939561 0.956764 0.977469 1 
1 0.981281 0.964078 0.949786 0.939561 0.934234 0.934234 0.939561 0.949786 0.964078 0.981281 1 
1 0.986609 0.974302 0.964078 0.956764 0.952952 0.952952 0.956764 0.964078 0.974302 0.986609 1 
1 0.993022 0.986609 0.981281 0.977469 0.975483 0.975483 0.977469 0.981281 0.986609 0.993022 1 
1 1 1 1 1 1 1 1 1 1 1 1 

