# vtk DataFile Version 3.0
cell
ASCII
DATASET STRUCTURED_POINTS
DIMENSIONS 12 12 1
ORIGIN 0 0 0
SPACING 1 1 1
POINT_DATA 144
SCALARS cell double
LOOKUP_TABLE default
1 1 1 1 1 1 1 1 1 1 1 1 
1 0.925537 0.859951 0.809379 0.776196 0.760074 0.760074 0.776196 0.809379 0.859951 0.925537 1 
1 0.859951 0.736608 0.641517 0.579131 0.548827 0.548827 0.579131 0.641517 0.736608 0.859951 1 
1 0.809379 0.641517 0.512128 0.427264 0.386048 0.386048 0.427264 0.512128 0.641517 0.809379 1 
1 0.776196 0.579131 0.427264 0.327677 0.279321 0.279321 0.327677 0.427264 0.579131 0.776196 1 
1 0.760074 0.548827 0.386048 0.279321 0.227504 0.227504 0.279321 0.386048 0.548827 0.760074 1 
1 0.760074 0.548827 0.386048 0.279321 0.227504 0.227504 0.279321 0.386048 0.548827 0.760074 1 
1 0.776196 0.579131 0.427264 0.327677 0.279321 0.279321 0.327677 0.427264 0.579131 0.776196 1 
1 0.809379 0.641517 0.512128 0.427264 0.386048 0.386048 0.427264 0.512128 0.641517 0.809379 1 
1 0.859951 0.736608 0.641517 0.579131 0.548827 0.548827 0.579131 0.641517 0.736608 0.859951 1 
1 0.925537 0.859951 0.809379 0.776196 0.760074 0.760074 0.776196 0.809379 0.859951 0.925537 1 
1 1 1 1 1 1 1 1 1 1 1 1 

