# vtk DataFile Version 3.0
cell
ASCII
DATASET STRUCTURED_POINTS
DIMENSIONS 12 12 1
ORIGIN 0 0 0
SPACING 1 1 1
POINT_DATA 144
SCALARS cell double
LOOKUP_TABLE default
1 1 1 1 1 1 1 1 1 1 1 1 
1 0.999981 0.999963 0.999949 0.999938 0.999933 0.999933 0.999938 0.999949 0.999963 0.999981 1 
1 0.999963 0.99993 0.999902 0.999882 0.999872 0.999872 0.999882 0.999902 0.99993 0.999963 1 
1 0.999949 0.999902 0.999863 0.999835 0.99982 0.99982 0.999835 0.999863 0.999902 0.999949 1 
1 0.999938 0.999882 0.999835 0.999801 0.999784 0.999784 0.999801 0.999835 0.999882 0.999938 1 
1 0.999933 0.999872 0.99982 0.999784 0.999765 0.999765 0.999784 0.99982 0.999872 0.999933 1 
1 0.999933 0.999872 0.99982 0.999784 0.999765 0.999765 0.999784 0.99982 0.999872 0.999933 1 
1 0.999938 0.999882 0.999835 0.999801 0.999784 0.999784 0.999801 0.999835 0.999882 0.999938 1 
1 0.999949 0.999902 0.999863 0.999835 0.99982 0.99982 0.999835 0.999863 0.999902 0.999949 1 
1 0.999963 0.99993 0.999902 0.999882 0.999872 0.999872 0.999882 0.999902 0.99993 0.999963 1 
1 0.999981 0.999963 0.999949 0.999938 0.999933 0.999933 0.999938 0.999949 0.999963 0.999981 1 
1 1 1 1 1 1 1 1 1 1 1 1 

