# vtk DataFile Version 3.0
cell
ASCII
DATASET STRUCTURED_POINTS
DIMENSIONS 12 12 1
ORIGIN 0 0 0
SPACING 1 1 1
POINT_DATA 144
SCALARS cell double
LOOKUP_TABLE default
1 1 1 1 1 1 1 1 1 1 1 1 
1 0.999328 0.998711 0.998199 0.997832 0.997641 0.997641 0.997832 0.998199 0.998711 0.999328 1 
1 0.998711 0.997527 0.996543 0.995839 0.995473 0.995473 0.995839 0.996543 0.997527 0.998711 1 
1 0.998199 0.996543 0.995168 0.994184 0.993671 0.993671 0.994184 0.995168 0.996543 0.998199 1 
1 0.997832 0.995839 0.994184 0.993 0.992383 0.992383 0.993 0.994184 0.995839 0.997832 1 
1 0.997641 0.995473 0.993671 0.992383 0.991711 0.991711 0.992383 0.993671 0.995473 0.997641 1 
1 0.997641 0.995473 0.993671 0.992383 0.991711 0.991711 0.992383 0.993671 0.995473 0.997641 1 
1 0.997832 0.995839 0.994184 0.993 0.992383 0.992383 0.993 0.994184 0.995839 0.997832 1 
1 0.998199 0.996543 0.995168 0.994184 0.993671 0.993671 0.994184 0.995168 0.996543 0.998199 1 
1 0.998711 0.997527 0.996543 0.995839 0.995473 0.995473 0.995839 0.996543 0.997527 0.998711 1 
1 0.999328 0.998711 0.998199 0.997832 0.997641 0.997641 0.997832 0.998199 0.998711 0.999328 1 
1 1 1 1 1 1 1 1 1 1 1 1 

