# vtk DataFile Version 3.0
cell
ASCII
DATASET STRUCTURED_POINTS
DIMENSIONS 12 12 1
ORIGIN 0 0 0
SPACING 1 1 1
POINT_DATA 144
SCALARS cell double
LOOKUP_TABLE default
1 1 1 1 1 1 1 1 1 1 1 1 
1 0.999781 0.999579 0.999412 0.999292 0.99923 0.99923 0.999292 0.999412 0.999579 0.999781 1 
1 0.999579 0.999193 0.998872 0.998642 0.998522 0.998522 0.998642 0.998872 0.999193 0.999579 1 
1 0.999412 0.998872 0.998423 0.998102 0.997934 0.997934 0.998102 0.998423 0.998872 0.999412 1 
1 0.999292 0.998642 0.998102 0.997715 0.997514 0.997514 0.997715 0.998102 0.998642 0.999292 1 
1 0.99923 0.998522 0.997934 0.997514 0.997295 0.997295 0.997514 0.997934 0.998522 0.99923 1 
1 0.99923 0.998522 0.997934 0.997514 0.997295 0.997295 0.997514 0.997934 0.998522 0.99923 1 
1 0.999292 0.998642 0.998102 0.997715 0.997514 0.997514 0.997715 0.998102 0.998642 0.999292 1 
1 0.999412 0.998872 0.998423 0.998102 0.997934 0.997934 0.998102 0.998423 0.998872 0.999412 1 
1 0.999579 0.999193 0.998872 0.998642 0.998522 0.998522 0.998642 0.998872 0.999193 0.999579 1 
1 0.999781 0.999579 0.999412 0.999292 0.99923 0.99923 0.999292 0.999412 0.999579 0.999781 1 
1 1 1 1 1 1 1 1 1 1 1 1 

