# vtk DataFile Version 3.0
cell
ASCII
DATASET STRUCTURED_POINTS
DIMENSIONS 12 12 1
ORIGIN 0 0 0
SPACING 1 1 1
POINT_DATA 144
SCALARS cell double
LOOKUP_TABLE default
1 1 1 1 1 1 1 1 1 1 1 1 
1 0.998142 0.996434 0.995015 0.994 0.993472 0.993472 0.994 0.995015 0.996434 0.998142 1 
1 0.996434 0.993157 0.990435 0.988487 0.987472 0.987472 0.988487 0.990435 0.993157 0.996434 1 
1 0.995015 0.990435 0.986629 0.983906 0.982487 0.982487 0.983906 0.986629 0.990435 0.995015 1 
1 0.994 0.988487 0.983906 0.980629 0.978922 0.978922 0.980629 0.983906 0.988487 0.994 1 
1 0.993472 0.987472 0.982487 0.978922 0.977063 0.977063 0.978922 0.982487 0.987472 0.993472 1 
1 0.993472 0.987472 0.982487 0.978922 0.977063 0.977063 0.978922 0.982487 0.987472 0.993472 1 
1 0.994 0.988487 0.983906 0.980629 0.978922 0.978922 0.980629 0.983906 0.988487 0.994 1 
1 0.995015 0.990435 0.986629 0.983906 0.982487 0.982487 0.983906 0.986629 0.990435 0.995015 1 
1 0.996434 0.993157 0.990435 0.988487 0.987472 0.987472 0.988487 0.990435 0.993157 0.996434 1 
1 0.998142 0.996434 0.995015 0.994 0.993472 0.993472 0.994 0.995015 0.996434 0.998142 1 
1 1 1 1 1 1 1 1 1 1 1 1 

