# vtk DataFile Version 3.0
cell
ASCII
DATASET STRUCTURED_POINTS
DIMENSIONS 12 12 1
ORIGIN 0 0 0
SPACING 1 1 1
POINT_DATA 144
SCALARS cell double
LOOKUP_TABLE default
1 1 1 1 1 1 1 1 1 1 1 1 
1 0.999993 0.999987 0.999982 0.999979 0.999977 0.999977 0.999979 0.999982 0.999987 0.999993 1 
1 0.999987 0.999976 0.999966 0.999959 0.999956 0.999956 0.999959 0.999966 0.999976 0.999987 1 
1 0.999982 0.999966 0.999953 0.999943 0.999938 0.999938 0.999943 0.999953 0.999966 0.999982 1 
1 0.999979 0.999959 0.999943 0.999932 0.999926 0.999926 0.999932 0.999943 0.999959 0.999979 1 
1 0.999977 0.999956 0.999938 0.999926 0.999919 0.999919 0.999926 0.999938 0.999956 0.999977 1 
1 0.999977 0.999956 0.999938 0.999926 0.999919 0.999919 0.999926 0.999938 0.999956 0.999977 1 
1 0.999979 0.999959 0.999943 0.999932 0.999926 0.999926 0.999932 0.999943 0.999959 0.999979 1 
1 0.999982 0.999966 0.999953 0.999943 0.999938 0.999938 0.999943 0.999953 0.999966 0.999982 1 
1 0.999987 0.999976 0.999966 0.999959 0.999956 0.999956 0.999959 0.999966 0.999976 0.999987 1 
1 0.999993 0.999987 0.999982 0.999979 0.999977 0.999977 0.999979 0.999982 0.999987 0.999993 1 
1 1 1 1 1 1 1 1 1 1 1 1 

