# vtk DataFile Version 3.0
cell
ASCII
DATASET STRUCTURED_POINTS
DIMENSIONS 12 12 1
ORIGIN 0 0 0
SPACING 1 1 1
POINT_DATA 144
SCALARS cell double
LOOKUP_TABLE default
1 1 1 1 1 1 1 1 1 1 1 1 
1 0.990999 0.982728 0.975856 0.97094 0.968378 0.968378 0.97094 0.975856 0.982728 0.990999 1 
1 0.982728 0.966855 0.953668 0.944235 0.939319 0.939319 0.944235 0.953668 0.966855 0.982728 1 
1 0.975856 0.953668 0.935235 0.922048 0.915177 0.915177 0.922048 0.935235 0.953668 0.975856 1 
1 0.97094 0.944235 0.922048 0.906177 0.897907 0.897907 0.906177 0.922048 0.944235 0.97094 1 
1 0.968378 0.939319 0.915177 0.897907 0.888908 0.888908 0.897907 0.915177 0.939319 0.968378 1 
1 0.968378 0.939319 0.915177 0.897907 0.888908 0.888908 0.897907 0.915177 0.939319 0.968378 1 
1 0.97094 0.944235 0.922048 0.906177 0.897907 0.897907 0.906177 0.922048 0.944235 0.97094 1 
1 0.975856 0.953668 0.935235 0.922048 0.915177 0.915177 0.922048 0.935235 0.953668 0.975856 1 
1 0.982728 0.966855 0.953668 0.944235 0.939319 0.939319 0.944235 0.953668 0.966855 0.982728 1 
1 0.990999 0.982728 0.975856 0.97094 0.968378 0.968378 0.97094 0.975856 0.982728 0.990999 1 
1 1 1 1 1 1 1 1 1 1 1 1 

