# vtk DataFile Version 3.0
cell
ASCII
DATASET STRUCTURED_POINTS
DIMENSIONS 12 12 1
ORIGIN 0 0 0
SPACING 1 1 1
POINT_DATA 144
SCALARS cell double
LOOKUP_TABLE default
1 1 1 1 1 1 1 1 1 1 1 1 
1 0.999979 0.99996 0.999943 0.999932 0.999926 0.999926 0.999932 0.999943 0.99996 0.999979 1 
1 0.99996 0.999922 0.999891 0.999869 0.999858 0.999858 0.999869 0.999891 0.999922 0.99996 1 
1 0.999943 0.999891 0.999848 0.999817 0.999801 0.999801 0.999817 0.999848 0.999891 0.999943 1 
1 0.999932 0.999869 0.999817 0.99978 0.999761 0.999761 0.99978 0.999817 0.999869 0.999932 1 
1 0.999926 0.999858 0.999801 0.999761 0.99974 0.99974 0.999761 0.999801 0.999858 0.999926 1 
1 0.999926 0.999858 0.999801 0.999761 0.99974 0.99974 0.999761 0.999801 0.999858 0.999926 1 
1 0.999932 0.999869 0.999817 0.99978 0.999761 0.999761 0.99978 0.999817 0.999869 0.999932 1 
1 0.999943 0.999891 0.999848 0.999817 0.999801 0.999801 0.999817 0.999848 0.999891 0.999943 1 
1 0.99996 0.999922 0.999891 0.999869 0.999858 0.999858 0.999869 0.999891 0.999922 0.99996 1 
1 0.999979 0.99996 0.999943 0.999932 0.999926 0.999926 0.999932 0.999943 0.99996 0.999979 1 
1 1 1 1 1 1 1 1 1 1 1 1 

