# vtk DataFile Version 3.0
cell
ASCII
DATASET STRUCTURED_POINTS
DIMENSIONS 12 12 1
ORIGIN 0 0 0
SPACING 1 1 1
POINT_DATA 144
SCALARS cell double
LOOKUP_TABLE default
1 1 1 1 1 1 1 1 1 1 1 1 
1 0.989514 0.979878 0.971872 0.966146 0.963162 0.963162 0.966146 0.971872 0.979878 0.989514 1 
1 0.979878 0.961387 0.946025 0.935036 0.92931 0.92931 0.935036 0.946025 0.961387 0.979878 1 
1 0.971872 0.946025 0.924551 0.90919 0.901186 0.901186 0.90919 0.924551 0.946025 0.971872 1 
1 0.966146 0.935036 0.90919 0.890702 0.881068 0.881068 0.890702 0.90919 0.935036 0.966146 1 
1 0.963162 0.92931 0.901186 0.881068 0.870585 0.870585 0.881068 0.901186 0.92931 0.963162 1 
1 0.963162 0.92931 0.901186 0.881068 0.870585 0.870585 0.881068 0.901186 0.92931 0.963162 1 
1 0.966146 0.935036 0.90919 0.890702 0.881068 0.881068 0.890702 0.90919 0.935036 0.966146 1 
1 0.971872 0.946025 0.924551 0.90919 0.901186 0.901186 0.90919 0.924551 0.946025 0.971872 1 
1 0.979878 0.961387 0.946025 0.935036 0.92931 0.92931 0.935036 0.946025 0.961387 0.979878 1 
1 0.989514 0.979878 0.971872 0.966146 0.963162 0.963162 0.966146 0.971872 0.979878 0.989514 1 
1 1 1 1 1 1 1 1 1 1 1 1 

