# vtk DataFile Version 3.0
cell
ASCII
DATASET STRUCTURED_POINTS
DIMENSIONS 12 12 1
ORIGIN 0 0 0
SPACING 1 1 1
POINT_DATA 144
SCALARS cell double
LOOKUP_TABLE default
1 1 1 1 1 1 1 1 1 1 1 1 
1 0.999968 0.999939 0.999915 0.999898 0.999889 0.999889 0.999898 0.999915 0.999939 0.999968 1 
1 0.999939 0.999883 0.999837 0.999804 0.999786 0.999786 0.999804 0.999837 0.999883 0.999939 1 
1 0.999915 0.999837 0.999772 0.999726 0.999701 0.999701 0.999726 0.999772 0.999837 0.999915 1 
1 0.999898 0.999804 0.999726 0.99967 0.999641 0.999641 0.99967 0.999726 0.999804 0.999898 1 
1 0.999889 0.999786 0.999701 0.999641 0.999609 0.999609 0.999641 0.999701 0.999786 0.999889 1 
1 0.999889 0.999786 0.999701 0.999641 0.999609 0.999609 0.999641 0.999701 0.999786 0.999889 1 
1 0.999898 0.999804 0.999726 0.99967 0.999641 0.999641 0.99967 0.999726 0.999804 0.999898 1 
1 0.999915 0.999837 0.999772 0.999726 0.999701 0.999701 0.999726 0.999772 0.999837 0.999915 1 
1 0.999939 0.999883 0.999837 0.999804 0.999786 0.999786 0.999804 0.999837 0.999883 0.999939 1 
1 0.999968 0.999939 0.999915 0.999898 0.999889 0.999889 0.999898 0.999915 0.999939 0.999968 1 
1 1 1 1 1 1 1 1 1 1 1 1 

