# vtk DataFile Version 3.0
cell
ASCII
DATASET STRUCTURED_POINTS
DIMENSIONS 12 12 1
ORIGIN 0 0 0
SPACING 1 1 1
POINT_DATA 144
SCALARS cell double
LOOKUP_TABLE default
1 1 1 1 1 1 1 1 1 1 1 1 
1 0.930802 0.869396 0.821402 0.789393 0.773625 0.773625 0.789393 0.821402 0.869396 0.930802 1 
1 0.869396 0.753505 0.662938 0.602542 0.572794 0.572794 0.602542 0.662938 0.753505 0.869396 1 
1 0.821402 0.662938 0.539119 0.456561 0.415905 0.415905 0.456561 0.539119 0.662938 0.821402 1 
1 0.789393 0.602542 0.456561 0.359243 0.311324 0.311324 0.359243 0.456561 0.602542 0.789393 1 
1 0.773625 0.572794 0.415905 0.311324 0.259834 0.259834 0.311324 0.415905 0.572794 0.773625 1 
1 0.773625 0.572794 0.415905 0.311324 0.259834 0.259834 0.311324 0.415905 0.572794 0.773625 1 
1 0.789393 0.602542 0.456561 0.359243 0.311324 0.311324 0.359243 0.456561 0.602542 0.789393 1 
1 0.821402 0.662938 0.539119 0.456561 0.415905 0.415905 0.456561 0.539119 0.662938 0.821402 1 
1 0.869396 0.753505 0.662938 0.602542 0.572794 0.572794 0.602542 0.662938 0.753505 0.869396 1 
1 0.930802 0.869396 0.821402 0.789393 0.773625 0.773625 0.789393 0.821402 0.869396 0.930802 1 
1 1 1 1 1 1 1 1 1 1 1 1 

