# vtk DataFile Version 3.0
cell
ASCII
DATASET STRUCTURED_POINTS
DIMENSIONS 12 12 1
ORIGIN 0 0 0
SPACING 1 1 1
POINT_DATA 144
SCALARS cell double
LOOKUP_TABLE default
1 1 1 1 1 1 1 1 1 1 1 1 
1 0.999973 0.999948 0.999927 0.999912 0.999904 0.999904 0.999912 0.999927 0.999948 0.999973 1 
1 0.999948 0.9999 0.99986 0.999831 0.999817 0.999817 0.999831 0.99986 0.9999 0.999948 1 
1 0.999927 0.99986 0.999804 0.999764 0.999744 0.999744 0.999764 0.999804 0.99986 0.999927 1 
1 0.999912 0.999831 0.999764 0.999716 0.999691 0.999691 0.999716 0.999764 0.999831 0.999912 1 
1 0.999904 0.999817 0.999744 0.999691 0.999664 0.999664 0.999691 0.999744 0.999817 0.999904 1 
1 0.999904 0.999817 0.999744 0.999691 0.999664 0.999664 0.999691 0.999744 0.999817 0.999904 1 
1 0.999912 0.999831 0.999764 0.999716 0.999691 0.999691 0.999716 0.999764 0.999831 0.999912 1 
1 0.999927 0.99986 0.999804 0.999764 0.999744 0.999744 0.999764 0.999804 0.99986 0.999927 1 
1 0.999948 0.9999 0.99986 0.999831 0.999817 0.999817 0.999831 0.99986 0.9999 0.999948 1 
1 0.999973 0.999948 0.999927 0.999912 0.999904 0.999904 0.999912 0.999927 0.999948 0.999973 1 
1 1 1 1 1 1 1 1 1 1 1 1 

