# vtk DataFile Version 3.0
cell
ASCII
DATASET STRUCTURED_POINTS
DIMENSIONS 12 12 1
ORIGIN 0 0 0
SPACING 1 1 1
POINT_DATA 144
SCALARS cell double
LOOKUP_TABLE default
1 1 1 1 1 1 1 1 1 1 1 1 
1 0.980667 0.962907 0.948161 0.93762 0.93213 0.93213 0.93762 0.948161 0.962907 0.980667 1 
1 0.962907 0.928832 0.900541 0.880317 0.869784 0.869784 0.880317 0.900541 0.928832 0.962907 1 
1 0.948161 0.900541 0.861003 0.832739 0.818019 0.818019 0.832739 0.861003 0.900541 0.948161 1 
1 0.93762 0.880317 0.832739 0.798728 0.781014 0.781014 0.798728 0.832739 0.880317 0.93762 1 
1 0.93213 0.869784 0.818019 0.781014 0.761742 0.761742 0.781014 0.818019 0.869784 0.93213 1 
1 0.93213 0.869784 0.818019 0.781014 0.761742 0.761742 0.781014 0.818019 0.869784 0.93213 1 
1 0.93762 0.880317 0.832739 0.798728 0.781014 0.781014 0.798728 0.832739 0.880317 0.93762 1 
1 0.948161 0.900541 0.861003 0.832739 0.818019 0.818019 0.832739 0.861003 0.900541 0.948161 1 
1 0.962907 0.928832 0.900541 0.880317 0.869784 0.869784 0.880317 0.900541 0.928832 0.962907 1 
1 0.980667 0.962907 0.948161 0.93762 0.93213 0.93213 0.93762 0.948161 0.962907 0.980667 1 
1 1 1 1 1 1 1 1 1 1 1 1 

