# vtk DataFile Version 3.0
cell
ASCII
DATASET STRUCTURED_POINTS
DIMENSIONS 12 12 1
ORIGIN 0 0 0
SPACING 1 1 1
POINT_DATA 144
SCALARS cell double
LOOKUP_TABLE default
1 1 1 1 1 1 1 1 1 1 1 1 
1 0.998938 0.997963 0.997152 0.996572 0.99627 0.99627 0.996572 0.997152 0.997963 0.998938 1 
1 0.997963 0.996091 0.994535 0.993422 0.992843 0.992843 0.993422 0.994535 0.996091 0.997963 1 
1 0.997152 0.994535 0.992361 0.990805 0.989995 0.989995 0.990805 0.992361 0.994535 0.997152 1 
1 0.996572 0.993422 0.990805 0.988933 0.987958 0.987958 0.988933 0.990805 0.993422 0.996572 1 
1 0.99627 0.992843 0.989995 0.987958 0.986896 0.986896 0.987958 0.989995 0.992843 0.99627 1 
1 0.99627 0.992843 0.989995 0.987958 0.986896 0.986896 0.987958 0.989995 0.992843 0.99627 1 
1 0.996572 0.993422 0.990805 0.988933 0.987958 0.987958 0.988933 0.990805 0.993422 0.996572 1 
1 0.997152 0.994535 0.992361 0.990805 0.989995 0.989995 0.990805 0.992361 0.994535 0.997152 1 
1 0.997963 0.996091 0.994535 0.993422 0.992843 0.992843 0.993422 0.994535 0.996091 0.997963 1 
1 0.998938 0.997963 0.997152 0.996572 0.99627 0.99627 0.996572 0.997152 0.997963 0.998938 1 
1 1 1 1 1 1 1 1 1 1 1 1 

