# vtk DataFile Version 3.0
cell
ASCII
DATASET STRUCTURED_POINTS
DIMENSIONS 12 12 1
ORIGIN 0 0 0
SPACING 1 1 1
POINT_DATA 144
SCALARS cell double
LOOKUP_TABLE default
1 1 1 1 1 1 1 1 1 1 1 1 
1 0.998559 0.997235 0.996135 0.995348 0.994938 0.994938 0.995348 0.996135 0.997235 0.998559 1 
1 0.997235 0.994695 0.992584 0.991074 0.990287 0.990287 0.991074 0.992584 0.994695 0.997235 1 
1 0.996135 0.992584 0.989633 0.987522 0.986422 0.986422 0.987522 0.989633 0.992584 0.996135 1 
1 0.995348 0.991074 0.987522 0.984981 0.983657 0.983657 0.984981 0.987522 0.991074 0.995348 1 
1 0.994938 0.990287 0.986422 0.983657 0.982216 0.982216 0.983657 0.986422 0.990287 0.994938 1 
1 0.994938 0.990287 0.986422 0.983657 0.982216 0.982216 0.983657 0.986422 0.990287 0.994938 1 
1 0.995348 0.991074 0.987522 0.984981 0.983657 0.983657 0.984981 0.987522 0.991074 0.995348 1 
1 0.996135 0.992584 0.989633 0.987522 0.986422 0.986422 0.987522 0.989633 0.992584 0.996135 1 
1 0.997235 0.994695 0.992584 0.991074 0.990287 0.990287 0.991074 0.992584 0.994695 0.997235 1 
1 0.998559 0.997235 0.996135 0.995348 0.994938 0.994938 0.995348 0.996135 0.997235 0.998559 1 
1 1 1 1 1 1 1 1 1 1 1 1 

