# vtk DataFile Version 3.0
cell
ASCII
DATASET STRUCTURED_POINTS
DIMENSIONS 12 12 1
ORIGIN 0 0 0
SPACING 1 1 1
POINT_DATA 144
SCALARS cell double
LOOKUP_TABLE default
1 1 1 1 1 1 1 1 1 1 1 1 
1 0.999703 0.999429 0.999202 0.99904 0.998955 0.998955 0.99904 0.999202 0.999429 0.999703 1 
1 0.999429 0.998905 0.998469 0.998157 0.997995 0.997995 0.998157 0.998469 0.998905 0.999429 1 
1 0.999202 0.998469 0.99786 0.997424 0.997197 0.997197 0.997424 0.99786 0.998469 0.999202 1 
1 0.99904 0.998157 0.997424 0.996899 0.996626 0.996626 0.996899 0.997424 0.998157 0.99904 1 
1 0.998955 0.997995 0.997197 0.996626 0.996328 0.996328 0.996626 0.997197 0.997995 0.998955 1 
1 0.998955 0.997995 0.997197 0.996626 0.996328 0.996328 0.996626 0.997197 0.997995 0.998955 1 
1 0.99904 0.998157 0.997424 0.996899 0.996626 0.996626 0.996899 0.997424 0.998157 0.99904 1 
1 0.999202 0.998469 0.99786 0.997424 0.997197 0.997197 0.997424 0.99786 0.998469 0.999202 1 
1 0.999429 0.998905 0.998469 0.998157 0.997995 0.997995 0.998157 0.998469 0.998905 0.999429 1 
1 0.999703 0.999429 0.999202 0.99904 0.998955 0.998955 0.99904 0.999202 0.999429 0.999703 1 
1 1 1 1 1 1 1 1 1 1 1 1 

