# vtk DataFile Version 3.0
cell
ASCII
DATASET STRUCTURED_POINTS
DIMENSIONS 12 12 1
ORIGIN 0 0 0
SPACING 1 1 1
POINT_DATA 144
SCALARS cell double
LOOKUP_TABLE default
1 1 1 1 1 1 1 1 1 1 1 1 
1 0.999792 0.9996 0.999441 0.999327 0.999268 0.999268 0.999327 0.999441 0.9996 0.999792 1 
1 0.9996 0.999233 0.998928 0.998709 0.998596 0.998596 0.998709 0.998928 0.999233 0.9996 1 
1 0.999441 0.998928 0.998501 0.998196 0.998037 0.998037 0.998196 0.998501 0.998928 0.999441 1 
1 0.999327 0.998709 0.998196 0.997829 0.997637 0.997637 0.997829 0.998196 0.998709 0.999327 1 
1 0.999268 0.998596 0.998037 0.997637 0.997429 0.997429 0.997637 0.998037 0.998596 0.999268 1 
1 0.999268 0.998596 0.998037 0.997637 0.997429 0.997429 0.997637 0.998037 0.998596 0.999268 1 
1 0.999327 0.998709 0.998196 0.997829 0.997637 0.997637 0.997829 0.998196 0.998709 0.999327 1 
1 0.999441 0.998928 0.998501 0.998196 0.998037 0.998037 0.998196 0.998501 0.998928 0.999441 1 
1 0.9996 0.999233 0.998928 0.998709 0.998596 0.998596 0.998709 0.998928 0.999233 0.9996 1 
1 0.999792 0.9996 0.999441 0.999327 0.999268 0.999268 0.999327 0.999441 0.9996 0.999792 1 
1 1 1 1 1 1 1 1 1 1 1 1 

