# vtk DataFile Version 3.0
cell
ASCII
DATASET STRUCTURED_POINTS
DIMENSIONS 12 12 1
ORIGIN 0 0 0
SPACING 1 1 1
POINT_DATA 144
SCALARS cell double
LOOKUP_TABLE default
1 1 1 1 1 1 1 1 1 1 1 1 
1 0.999995 0.99999 0.999986 0.999984 0.999982 0.999982 0.999984 0.999986 0.99999 0.999995 1 
1 0.99999 0.999981 0.999974 0.999969 0.999966 0.999966 0.999969 0.999974 0.999981 0.99999 1 
1 0.999986 0.999974 0.999963 0.999956 0.999952 0.999952 0.999956 0.999963 0.999974 0.999986 1 
1 0.999984 0.999969 0.999956 0.999947 0.999942 0.999942 0.999947 0.999956 0.999969 0.999984 1 
1 0.999982 0.999966 0.999952 0.999942 0.999937 0.999937 0.999942 0.999952 0.999966 0.999982 1 
1 0.999982 0.999966 0.999952 0.999942 0.999937 0.999937 0.999942 0.999952 0.999966 0.999982 1 
1 0.999984 0.999969 0.999956 0.999947 0.999942 0.999942 0.999947 0.999956 0.999969 0.999984 1 
1 0.999986 0.999974 0.999963 0.999956 0.999952 0.999952 0.999956 0.999963 0.999974 0.999986 1 
1 0.99999 0.999981 0.999974 0.999969 0.999966 0.999966 0.999969 0.999974 0.999981 0.99999 1 
1 0.999995 0.99999 0.999986 0.999984 0.999982 0.999982 0.999984 0.999986 0.99999 0.999995 1 
1 1 1 1 1 1 1 1 1 1 1 1 

