# vtk DataFile Version 3.0
cell
ASCII
DATASET STRUCTURED_POINTS
DIMENSIONS 12 12 1
ORIGIN 0 0 0
SPACING 1 1 1
POINT_DATA 144
SCALARS cell double
LOOKUP_TABLE default
1 1 1 1 1 1 1 1 1 1 1 1 
1 0.949755 0.90419 0.867184 0.841372 0.828183 0.828183 0.841372 0.867184 0.90419 0.949755 1 
1 0.90419 0.817305 0.746743 0.697525 0.672378 0.672378 0.697525 0.746743 0.817305 0.90419 1 
1 0.867184 0.746743 0.64893 0.580708 0.545852 0.545852 0.580708 0.64893 0.746743 0.867184 1 
1 0.841372 0.697525 0.580708 0.499233 0.457606 0.457606 0.499233 0.580708 0.697525 0.841372 1 
1 0.828183 0.672378 0.545852 0.457606 0.412521 0.412521 0.457606 0.545852 0.672378 0.828183 1 
1 0.828183 0.672378 0.545852 0.457606 0.412521 0.412521 0.457606 0.545852 0.672378 0.828183 1 
1 0.841372 0.697525 0.580708 0.499233 0.457606 0.457606 0.499233 0.580708 0.697525 0.841372 1 
1 0.867184 0.746743 0.64893 0.580708 0.545852 0.545852 0.580708 0.64893 0.746743 0.867184 1 
1 0.90419 0.817305 0.746743 0.697525 0.672378 0.672378 0.697525 0.746743 0.817305 0.90419 1 
1 0.949755 0.90419 0.867184 0.841372 0.828183 0.828183 0.841372 0.867184 0.90419 0.949755 1 
1 1 1 1 1 1 1 1 1 1 1 1 

