# vtk DataFile Version 3.0
cell
ASCII
DATASET STRUCTURED_POINTS
DIMENSIONS 12 12 1
ORIGIN 0 0 0
SPACING 1 1 1
POINT_DATA 144
SCALARS cell double
LOOKUP_TABLE default
1 1 1 1 1 1 1 1 1 1 1 1 
1 0.993368 0.987273 0.98221 0.978587 0.9767 0.9767 0.978587 0.98221 0.987273 0.993368 1 
1 0.987273 0.975577 0.96586 0.958909 0.955287 0.955287 0.958909 0.96586 0.975577 0.987273 1 
1 0.98221 0.96586 0.952277 0.94256 0.937497 0.937497 0.94256 0.952277 0.96586 0.98221 1 
1 0.978587 0.958909 0.94256 0.930865 0.92477 0.92477 0.930865 0.94256 0.958909 0.978587 1 
1 0.9767 0.955287 0.937497 0.92477 0.918139 0.918139 0.92477 0.937497 0.955287 0.9767 1 
1 0.9767 0.955287 0.937497 0.92477 0.918139 0.918139 0.92477 0.937497 0.955287 0.9767 1 
1 0.978587 0.958909 0.94256 0.930865 0.92477 0.92477 0.930865 0.94256 0.958909 0.978587 1 
1 0.98221 0.96586 0.952277 0.94256 0.937497 0.937497 0.94256 0.952277 0.96586 0.98221 1 
1 0.987273 0.975577 0.96586 0.958909 0.955287 0.955287 0.958909 0.96586 0.975577 0.987273 1 
1 0.993368 0.987273 0.98221 0.978587 0.9767 0.9767 0.978587 0.98221 0.987273 0.993368 1 
1 1 1 1 1 1 1 1 1 1 1 1 

