# vtk DataFile Version 3.0
cell
ASCII
DATASET STRUCTURED_POINTS
DIMENSIONS 12 12 1
ORIGIN 0 0 0
SPACING 1 1 1
POINT_DATA 144
SCALARS cell double
LOOKUP_TABLE default
1 1 1 1 1 1 1 1 1 1 1 1 
1 0.975015 0.952079 0.933056 0.919474 0.912407 0.912407 0.919474 0.933056 0.952079 0.975015 1 
1 0.952079 0.908086 0.871601 0.84555 0.831995 0.831995 0.84555 0.871601 0.908086 0.952079 1 
1 0.933056 0.871601 0.820632 0.784241 0.765305 0.765305 0.784241 0.820632 0.871601 0.933056 1 
1 0.919474 0.84555 0.784241 0.740466 0.717689 0.717689 0.740466 0.784241 0.84555 0.919474 1 
1 0.912407 0.831995 0.765305 0.717689 0.692912 0.692912 0.717689 0.765305 0.831995 0.912407 1 
1 0.912407 0.831995 0.765305 0.717689 0.692912 0.692912 0.717689 0.765305 0.831995 0.912407 1 
1 0.919474 0.84555 0.784241 0.740466 0.717689 0.717689 0.740466 0.784241 0.84555 0.919474 1 
1 0.933056 0.871601 0.820632 0.784241 0.765305 0.765305 0.784241 0.820632 0.871601 0.933056 1 
1 0.952079 0.908086 0.871601 0.84555 0.831995 0.831995 0.84555 0.871601 0.908086 0.952079 1 
1 0.975015 0.952079 0.933056 0.919474 0.912407 0.912407 0.919474 0.933056 0.952079 0.975015 1 
1 1 1 1 1 1 1 1 1 1 1 1 

