# vtk DataFile Version 3.0
cell
ASCII
DATASET STRUCTURED_POINTS
DIMENSIONS 12 12 1
ORIGIN 0 0 0
SPACING 1 1 1
POINT_DATA 144
SCALARS cell double
LOOKUP_TABLE default
1 1 1 1 1 1 1 1 1 1 1 1 
1 0.999393 0.998836 0.998373 0.998042 0.997869 0.997869 0.998042 0.998373 0.998836 0.999393 1 
1 0.998836 0.997766 0.996878 0.996242 0.995911 0.995911 0.996242 0.996878 0.997766 0.998836 1 
1 0.998373 0.996878 0.995636 0.994747 0.994284 0.994284 0.994747 0.995636 0.996878 0.998373 1 
1 0.998042 0.996242 0.994747 0.993677 0.99312 0.99312 0.993677 0.994747 0.996242 0.998042 1 
1 0.997869 0.995911 0.994284 0.99312 0.992513 0.992513 0.99312 0.994284 0.995911 0.997869 1 
1 0.997869 0.995911 0.994284 0.99312 0.992513 0.992513 0.99312 0.994284 0.995911 0.997869 1 
1 0.998042 0.996242 0.994747 0.993677 0.99312 0.99312 0.993677 0.994747 0.996242 0.998042 1 
1 0.998373 0.996878 0.995636 0.994747 0.994284 0.994284 0.994747 0.995636 0.996878 0.998373 1 
1 0.998836 0.997766 0.996878 0.996242 0.995911 0.995911 0.996242 0.996878 0.997766 0.998836 1 
1 0.999393 0.998836 0.998373 0.998042 0.997869 0.997869 0.998042 0.998373 0.998836 0.999393 1 
1 1 1 1 1 1 1 1 1 1 1 1 

