# vtk DataFile Version 3.0
cell
ASCII
DATASET STRUCTURED_POINTS
DIMENSIONS 12 12 1
ORIGIN 0 0 0
SPACING 1 1 1
POINT_DATA 144
SCALARS cell double
LOOKUP_TABLE default
1 1 1 1 1 1 1 1 1 1 1 1 
1 0.98163 0.964754 0.95074 0.940721 0.935503 0.935503 0.940721 0.95074 0.964754 0.98163 1 
1 0.964754 0.932374 0.905486 0.886262 0.876249 0.876249 0.886262 0.905486 0.932374 0.964754 1 
1 0.95074 0.905486 0.867907 0.841041 0.827047 0.827047 0.841041 0.867907 0.905486 0.95074 1 
1 0.940721 0.886262 0.841041 0.80871 0.79187 0.79187 0.80871 0.841041 0.886262 0.940721 1 
1 0.935503 0.876249 0.827047 0.79187 0.773547 0.773547 0.79187 0.827047 0.876249 0.935503 1 
1 0.935503 0.876249 0.827047 0.79187 0.773547 0.773547 0.79187 0.827047 0.876249 0.935503 1 
1 0.940721 0.886262 0.841041 0.80871 0.79187 0.79187 0.80871 0.841041 0.886262 0.940721 1 
1 0.95074 0.905486 0.867907 0.841041 0.827047 0.827047 0.841041 0.867907 0.905486 0.95074 1 
1 0.964754 0.932374 0.905486 0.886262 0.876249 0.876249 0.886262 0.905486 0.932374 0.964754 1 
1 0.98163 0.964754 0.95074 0.940721 0.935503 0.935503 0.940721 0.95074 0.964754 0.98163 1 
1 1 1 1 1 1 1 1 1 1 1 1 

