# vtk DataFile Version 3.0
cell
ASCII
DATASET STRUCTURED_POINTS
DIMENSIONS 12 12 1
ORIGIN 0 0 0
SPACING 1 1 1
POINT_DATA 144
SCALARS cell double
LOOKUP_TABLE default
1 1 1 1 1 1 1 1 1 1 1 1 
1 0.952586 0.909488 0.874343 0.849716 0.837087 0.837087 0.849716 0.874343 0.909488 0.952586 1 
1 0.909488 0.827215 0.760125 0.713115 0.689008 0.689008 0.713115 0.760125 0.827215 0.909488 1 
1 0.874343 0.760125 0.666988 0.601727 0.568262 0.568262 0.601727 0.666988 0.760125 0.874343 1 
1 0.849716 0.713115 0.601727 0.52368 0.483659 0.483659 0.52368 0.601727 0.713115 0.849716 1 
1 0.837087 0.689008 0.568262 0.483659 0.440276 0.440276 0.483659 0.568262 0.689008 0.837087 1 
1 0.837087 0.689008 0.568262 0.483659 0.440276 0.440276 0.483659 0.568262 0.689008 0.837087 1 
1 0.849716 0.713115 0.601727 0.52368 0.483659 0.483659 0.52368 0.601727 0.713115 0.849716 1 
1 0.874343 0.760125 0.666988 0.601727 0.568262 0.568262 0.601727 0.666988 0.760125 0.874343 1 
1 0.909488 0.827215 0.760125 0.713115 0.689008 0.689008 0.713115 0.760125 0.827215 0.909488 1 
1 0.952586 0.909488 0.874343 0.849716 0.837087 0.837087 0.849716 0.874343 0.909488 0.952586 1 
1 1 1 1 1 1 1 1 1 1 1 1 

