# vtk DataFile Version 3.0
cell
ASCII
DATASET STRUCTURED_POINTS
DIMENSIONS 12 12 1
ORIGIN 0 0 0
SPACING 1 1 1
POINT_DATA 144
SCALARS cell double
LOOKUP_TABLE default
1 1 1 1 1 1 1 1 1 1 1 1 
1 0.999961 0.999925 0.999896 0.999875 0.999864 0.999864 0.999875 0.999896 0.999925 0.999961 1 
1 0.999925 0.999857 0.9998 0.999759 0.999738 0.999738 0.999759 0.9998 0.999857 0.999925 1 
1 0.999896 0.9998 0.99972 0.999664 0.999634 0.999634 0.999664 0.99972 0.9998 0.999896 1 
1 0.999875 0.999759 0.999664 0.999595 0.999559 0.999559 0.999595 0.999664 0.999759 0.999875 1 
1 0.999864 0.999738 0.999634 0.999559 0.999521 0.999521 0.999559 0.999634 0.999738 0.999864 1 
1 0.999864 0.999738 0.999634 0.999559 0.999521 0.999521 0.999559 0.999634 0.999738 0.999864 1 
1 0.999875 0.999759 0.999664 0.999595 0.999559 0.999559 0.999595 0.999664 0.999759 0.999875 1 
1 0.999896 0.9998 0.99972 0.999664 0.999634 0.999634 0.999664 0.99972 0.9998 0.999896 1 
1 0.999925 0.999857 0.9998 0.999759 0.999738 0.999738 0.999759 0.9998 0.999857 0.999925 1 
1 0.999961 0.999925 0.999896 0.999875 0.999864 0.999864 0.999875 0.999896 0.999925 0.999961 1 
1 1 1 1 1 1 1 1 1 1 1 1 

