# vtk DataFile Version 3.0
cell
ASCII
DATASET STRUCTURED_POINTS
DIMENSIONS 12 12 1
ORIGIN 0 0 0
SPACING 1 1 1
POINT_DATA 144
SCALARS cell double
LOOKUP_TABLE default
1 1 1 1 1 1 1 1 1 1 1 1 
1 0.999985 0.999972 0.99996 0.999952 0.999948 0.999948 0.999952 0.99996 0.999972 0.999985 1 
1 0.999972 0.999946 0.999924 0.999908 0.9999 0.9999 0.999908 0.999924 0.999946 0.999972 1 
1 0.99996 0.999924 0.999894 0.999872 0.999861 0.999861 0.999872 0.999894 0.999924 0.99996 1 
1 0.999952 0.999908 0.999872 0.999846 0.999832 0.999832 0.999846 0.999872 0.999908 0.999952 1 
1 0.999948 0.9999 0.999861 0.999832 0.999818 0.999818 0.999832 0.999861 0.9999 0.999948 1 
1 0.999948 0.9999 0.999861 0.999832 0.999818 0.999818 0.999832 0.999861 0.9999 0.999948 1 
1 0.999952 0.999908 0.999872 0.999846 0.999832 0.999832 0.999846 0.999872 0.999908 0.999952 1 
1 0.99996 0.999924 0.999894 0.999872 0.999861 0.999861 0.999872 0.999894 0.999924 0.99996 1 
1 0.999972 0.999946 0.999924 0.999908 0.9999 0.9999 0.999908 0.999924 0.999946 0.999972 1 
1 0.999985 0.999972 0.99996 0.999952 0.999948 0.999948 0.999952 0.99996 0.999972 0.999985 1 
1 1 1 1 1 1 1 1 1 1 1 1 

