# vtk DataFile Version 3.0
cell
ASCII
DATASET STRUCTURED_POINTS
DIMENSIONS 12 12 1
ORIGIN 0 0 0
SPACING 1 1 1
POINT_DATA 144
SCALARS cell double
LOOKUP_TABLE default
1 1 1 1 1 1 1 1 1 1 1 1 
1 0.999988 0.999977 0.999968 0.999961 0.999958 0.999958 0.999961 0.999968 0.999977 0.999988 1 
1 0.999977 0.999956 0.999938 0.999925 0.999919 0.999919 0.999925 0.999938 0.999956 0.999977 1 
1 0.999968 0.999938 0.999913 0.999896 0.999886 0.999886 0.999896 0.999913 0.999938 0.999968 1 
1 0.999961 0.999925 0.999896 0.999874 0.999863 0.999863 0.999874 0.999896 0.999925 0.999961 1 
1 0.999958 0.999919 0.999886 0.999863 0.999851 0.999851 0.999863 0.999886 0.999919 0.999958 1 
1 0.999958 0.999919 0.999886 0.999863 0.999851 0.999851 0.999863 0.999886 0.999919 0.999958 1 
1 0.999961 0.999925 0.999896 0.999874 0.999863 0.999863 0.999874 0.999896 0.999925 0.999961 1 
1 0.999968 0.999938 0.999913 0.999896 0.999886 0.999886 0.999896 0.999913 0.999938 0.999968 1 
1 0.999977 0.999956 0.999938 0.999925 0.999919 0.999919 0.999925 0.999938 0.999956 0.999977 1 
1 0.999988 0.999977 0.999968 0.999961 0.999958 0.999958 0.999961 0.999968 0.999977 0.999988 1 
1 1 1 1 1 1 1 1 1 1 1 1 

