# vtk DataFile Version 3.0
cell
ASCII
DATASET STRUCTURED_POINTS
DIMENSIONS 12 12 1
ORIGIN 0 0 0
SPACING 1 1 1
POINT_DATA 144
SCALARS cell double
LOOKUP_TABLE default
1 1 1 1 1 1 1 1 1 1 1 1 
1 0.997208 0.994642 0.992511 0.990986 0.990191 0.990191 0.990986 0.992511 0.994642 0.997208 1 
1 0.994642 0.989719 0.985628 0.982702 0.981177 0.981177 0.982702 0.985628 0.989719 0.994642 1 
1 0.992511 0.985628 0.97991 0.975819 0.973687 0.973687 0.975819 0.97991 0.985628 0.992511 1 
1 0.990986 0.982702 0.975819 0.970895 0.968329 0.968329 0.970895 0.975819 0.982702 0.990986 1 
1 0.990191 0.981177 0.973687 0.968329 0.965538 0.965538 0.968329 0.973687 0.981177 0.990191 1 
1 0.990191 0.981177 0.973687 0.968329 0.965538 0.965538 0.968329 0.973687 0.981177 0.990191 1 
1 0.990986 0.982702 0.975819 0.970895 0.968329 0.968329 0.970895 0.975819 0.982702 0.990986 1 
1 0.992511 0.985628 0.97991 0.975819 0.973687 0.973687 0.975819 0.97991 0.985628 0.992511 1 
1 0.994642 0.989719 0.985628 0.982702 0.981177 0.981177 0.982702 0.985628 0.989719 0.994642 1 
1 0.997208 0.994642 0.992511 0.990986 0.990191 0.990191 0.990986 0.992511 0.994642 0.997208 1 
1 1 1 1 1 1 1 1 1 1 1 1 

