# vtk DataFile Version 3.0
cell
ASCII
DATASET STRUCTURED_POINTS
DIMENSIONS 12 12 1
ORIGIN 0 0 0
SPACING 1 1 1
POINT_DATA 144
SCALARS cell double
LOOKUP_TABLE default
1 1 1 1 1 1 1 1 1 1 1 1 
1 0.998234 0.996611 0.995263 0.994298 0.993795 0.993795 0.994298 0.995263 0.996611 0.998234 1 
1 0.996611 0.993497 0.990909 0.989058 0.988094 0.988094 0.989058 0.990909 0.993497 0.996611 1 
1 0.995263 0.990909 0.987292 0.984705 0.983356 0.983356 0.984705 0.987292 0.990909 0.995263 1 
1 0.994298 0.989058 0.984705 0.98159 0.979967 0.979967 0.98159 0.984705 0.989058 0.994298 1 
1 0.993795 0.988094 0.983356 0.979967 0.978201 0.978201 0.979967 0.983356 0.988094 0.993795 1 
1 0.993795 0.988094 0.983356 0.979967 0.978201 0.978201 0.979967 0.983356 0.988094 0.993795 1 
1 0.994298 0.989058 0.984705 0.98159 0.979967 0.979967 0.98159 0.984705 0.989058 0.994298 1 
1 0.995263 0.990909 0.987292 0.984705 0.983356 0.983356 0.984705 0.987292 0.990909 0.995263 1 
1 0.996611 0.993497 0.990909 0.989058 0.988094 0.988094 0.989058 0.990909 0.993497 0.996611 1 
1 0.998234 0.996611 0.995263 0.994298 0.993795 0.993795 0.994298 0.995263 0.996611 0.998234 1 
1 1 1 1 1 1 1 1 1 1 1 1 

