# vtk DataFile Version 3.0
cell
ASCII
DATASET STRUCTURED_POINTS
DIMENSIONS 12 12 1
ORIGIN 0 0 0
SPACING 1 1 1
POINT_DATA 144
SCALARS cell double
LOOKUP_TABLE default
1 1 1 1 1 1 1 1 1 1 1 1 
1 0.996909 0.994068 0.991708 0.99002 0.98914 0.98914 0.99002 0.991708 0.994068 0.996909 1 
1 0.994068 0.988617 0.984088 0.980848 0.97916 0.97916 0.980848 0.984088 0.988617 0.994068 1 
1 0.991708 0.984088 0.977757 0.973228 0.970868 0.970868 0.973228 0.977757 0.984088 0.991708 1 
1 0.99002 0.980848 0.973228 0.967777 0.964936 0.964936 0.967777 0.973228 0.980848 0.99002 1 
1 0.98914 0.97916 0.970868 0.964936 0.961845 0.961845 0.964936 0.970868 0.97916 0.98914 1 
1 0.98914 0.97916 0.970868 0.964936 0.961845 0.961845 0.964936 0.970868 0.97916 0.98914 1 
1 0.99002 0.980848 0.973228 0.967777 0.964936 0.964936 0.967777 0.973228 0.980848 0.99002 1 
1 0.991708 0.984088 0.977757 0.973228 0.970868 0.970868 0.973228 0.977757 0.984088 0.991708 1 
1 0.994068 0.988617 0.984088 0.980848 0.97916 0.97916 0.980848 0.984088 0.988617 0.994068 1 
1 0.996909 0.994068 0.991708 0.99002 0.98914 0.98914 0.99002 0.991708 0.994068 0.996909 1 
1 1 1 1 1 1 1 1 1 1 1 1 

