# vtk DataFile Version 3.0
cell
ASCII
DATASET STRUCTURED_POINTS
DIMENSIONS 12 12 1
ORIGIN 0 0 0
SPACING 1 1 1
POINT_DATA 144
SCALARS cell double
LOOKUP_TABLE default
1 1 1 1 1 1 1 1 1 1 1 1 
1 0.996211 0.992729 0.989836 0.987767 0.986688 0.986688 0.987767 0.989836 0.992729 0.996211 1 
1 0.992729 0.986047 0.980496 0.976524 0.974455 0.974455 0.976524 0.980496 0.986047 0.992729 1 
1 0.989836 0.980496 0.972735 0.967184 0.964291 0.964291 0.967184 0.972735 0.980496 0.989836 1 
1 0.987767 0.976524 0.967184 0.960502 0.95702 0.95702 0.960502 0.967184 0.976524 0.987767 1 
1 0.986688 0.974455 0.964291 0.95702 0.953231 0.953231 0.95702 0.964291 0.974455 0.986688 1 
1 0.986688 0.974455 0.964291 0.95702 0.953231 0.953231 0.95702 0.964291 0.974455 0.986688 1 
1 0.987767 0.976524 0.967184 0.960502 0.95702 0.95702 0.960502 0.967184 0.976524 0.987767 1 
1 0.989836 0.980496 0.972735 0.967184 0.964291 0.964291 0.967184 0.972735 0.980496 0.989836 1 
1 0.992729 0.986047 0.980496 0.976524 0.974455 0.974455 0.976524 0.980496 0.986047 0.992729 1 
1 0.996211 0.992729 0.989836 0.987767 0.986688 0.986688 0.987767 0.989836 0.992729 0.996211 1 
1 1 1 1 1 1 1 1 1 1 1 1 

