# vtk DataFile Version 3.0
cell
ASCII
DATASET STRUCTURED_POINTS
DIMENSIONS 12 12 1
ORIGIN 0 0 0
SPACING 1 1 1
POINT_DATA 144
SCALARS cell double
LOOKUP_TABLE default
1 1 1 1 1 1 1 1 1 1 1 1 
1 0.999812 0.999639 0.999495 0.999393 0.999339 0.999339 0.999393 0.999495 0.999639 0.999812 1 
1 0.999639 0.999307 0.999031 0.998834 0.998732 0.998732 0.998834 0.999031 0.999307 0.999639 1 
1 0.999495 0.999031 0.998646 0.99837 0.998227 0.998227 0.99837 0.998646 0.999031 0.999495 1 
1 0.999393 0.998834 0.99837 0.998039 0.997866 0.997866 0.998039 0.99837 0.998834 0.999393 1 
1 0.999339 0.998732 0.998227 0.997866 0.997678 0.997678 0.997866 0.998227 0.998732 0.999339 1 
1 0.999339 0.998732 0.998227 0.997866 0.997678 0.997678 0.997866 0.998227 0.998732 0.999339 1 
1 0.999393 0.998834 0.99837 0.998039 0.997866 0.997866 0.998039 0.99837 0.998834 0.999393 1 
1 0.999495 0.999031 0.998646 0.99837 0.998227 0.998227 0.99837 0.998646 0.999031 0.999495 1 
1 0.999639 0.999307 0.999031 0.998834 0.998732 0.998732 0.998834 0.999031 0.999307 0.999639 1 
1 0.999812 0.999639 0.999495 0.999393 0.999339 0.999339 0.999393 0.999495 0.999639 0.999812 1 
1 1 1 1 1 1 1 1 1 1 1 1 

