# vtk DataFile Version 3.0
cell
ASCII
DATASET STRUCTURED_POINTS
DIMENSIONS 12 12 1
ORIGIN 0 0 0
SPACING 1 1 1
POINT_DATA 144
SCALARS cell double
LOOKUP_TABLE default
1 1 1 1 1 1 1 1 1 1 1 1 
1 0.999997 0.999994 0.999992 0.99999 0.999989 0.999989 0.99999 0.999992 0.999994 0.999997 1 
1 0.999994 0.999989 0.999984 0.999981 0.999979 0.999979 0.999981 0.999984 0.999989 0.999994 1 
1 0.999992 0.999984 0.999978 0.999974 0.999971 0.999971 0.999974 0.999978 0.999984 0.999992 1 
1 0.99999 0.999981 0.999974 0.999968 0.999965 0.999965 0.999968 0.999974 0.999981 0.99999 1 
1 0.999989 0.999979 0.999971 0.999965 0.999962 0.999962 0.999965 0.999971 0.999979 0.999989 1 
1 0.999989 0.999979 0.999971 0.999965 0.999962 0.999962 0.999965 0.999971 0.999979 0.999989 1 
1 0.99999 0.999981 0.999974 0.999968 0.999965 0.999965 0.999968 0.999974 0.999981 0.99999 1 
1 0.999992 0.999984 0.999978 0.999974 0.999971 0.999971 0.999974 0.999978 0.999984 0.999992 1 
1 0.999994 0.999989 0.999984 0.999981 0.999979 0.999979 0.999981 0.999984 0.999989 0.999994 1 
1 0.999997 0.999994 0.999992 0.99999 0.999989 0.999989 0.99999 0.999992 0.999994 0.999997 1 
1 1 1 1 1 1 1 1 1 1 1 1 

