# vtk DataFile Version 3.0
cell
ASCII
DATASET STRUCTURED_POINTS
DIMENSIONS 12 12 1
ORIGIN 0 0 0
SPACING 1 1 1
POINT_DATA 144
SCALARS cell double
LOOKUP_TABLE default
1 1 1 1 1 1 1 1 1 1 1 1 
1 0.999994 0.999989 0.999984 0.999981 0.999979 0.999979 0.999981 0.999984 0.999989 0.999994 1 
1 0.999989 0.999978 0.99997 0.999963 0.99996 0.99996 0.999963 0.99997 0.999978 0.999989 1 
1 0.999984 0.99997 0.999957 0.999949 0.999944 0.999944 0.999949 0.999957 0.99997 0.999984 1 
1 0.999981 0.999963 0.999949 0.999938 0.999933 0.999933 0.999938 0.999949 0.999963 0.999981 1 
1 0.999979 0.99996 0.999944 0.999933 0.999927 0.999927 0.999933 0.999944 0.99996 0.999979 1 
1 0.999979 0.99996 0.999944 0.999933 0.999927 0.999927 0.999933 0.999944 0.99996 0.999979 1 
1 0.999981 0.999963 0.999949 0.999938 0.999933 0.999933 0.999938 0.999949 0.999963 0.999981 1 
1 0.999984 0.99997 0.999957 0.999949 0.999944 0.999944 0.999949 0.999957 0.99997 0.999984 1 
1 0.999989 0.999978 0.99997 0.999963 0.99996 0.99996 0.999963 0.99997 0.999978 0.999989 1 
1 0.999994 0.999989 0.999984 0.999981 0.999979 0.999979 0.999981 0.999984 0.999989 0.999994 1 
1 1 1 1 1 1 1 1 1 1 1 1 

