# vtk DataFile Version 3.0
cell
ASCII
DATASET STRUCTURED_POINTS
DIMENSIONS 12 12 1
ORIGIN 0 0 0
SPACING 1 1 1
POINT_DATA 144
SCALARS cell double
LOOKUP_TABLE default
1 1 1 1 1 1 1 1 1 1 1 1 
1 0.990035 0.980877 0.973268 0.967826 0.96499 0.96499 0.967826 0.973268 0.980877 0.990035 1 
1 0.980877 0.963303 0.948703 0.938259 0.932817 0.932817 0.938259 0.948703 0.963303 0.980877 1 
1 0.973268 0.948703 0.928295 0.913696 0.906089 0.906089 0.913696 0.928295 0.948703 0.973268 1 
1 0.967826 0.938259 0.913696 0.896125 0.886969 0.886969 0.896125 0.913696 0.938259 0.967826 1 
1 0.96499 0.932817 0.906089 0.886969 0.877006 0.877006 0.886969 0.906089 0.932817 0.96499 1 
1 0.96499 0.932817 0.906089 0.886969 0.877006 0.877006 0.886969 0.906089 0.932817 0.96499 1 
1 0.967826 0.938259 0.913696 0.896125 0.886969 0.886969 0.896125 0.913696 0.938259 0.967826 1 
1 0.973268 0.948703 0.928295 0.913696 0.906089 0.906089 0.913696 0.928295 0.948703 0.973268 1 
1 0.980877 0.963303 0.948703 0.938259 0.932817 0.932817 0.938259 0.948703 0.963303 0.980877 1 
1 0.990035 0.980877 0.973268 0.967826 0.96499 0.96499 0.967826 0.973268 0.980877 0.990035 1 
1 1 1 1 1 1 1 1 1 1 1 1 

