# vtk DataFile Version 3.0
cell
ASCII
DATASET STRUCTURED_POINTS
DIMENSIONS 12 12 1
ORIGIN 0 0 0
SPACING 1 1 1
POINT_DATA 144
SCALARS cell double
LOOKUP_TABLE default
1 1 1 1 1 1 1 1 1 1 1 1 
1 0.999987 0.999974 0.999964 0.999957 0.999953 0.999953 0.999957 0.999964 0.999974 0.999987 1 
1 0.999974 0.999951 0.999931 0.999917 0.99991 0.99991 0.999917 0.999931 0.999951 0.999974 1 
1 0.999964 0.999931 0.999904 0.999884 0.999874 0.999874 0.999884 0.999904 0.999931 0.999964 1 
1 0.999957 0.999917 0.999884 0.999861 0.999849 0.999849 0.999861 0.999884 0.999917 0.999957 1 
1 0.999953 0.99991 0.999874 0.999849 0.999835 0.999835 0.999849 0.999874 0.99991 0.999953 1 
1 0.999953 0.99991 0.999874 0.999849 0.999835 0.999835 0.999849 0.999874 0.99991 0.999953 1 
1 0.999957 0.999917 0.999884 0.999861 0.999849 0.999849 0.999861 0.999884 0.999917 0.999957 1 
1 0.999964 0.999931 0.999904 0.999884 0.999874 0.999874 0.999884 0.999904 0.999931 0.999964 1 
1 0.999974 0.999951 0.999931 0.999917 0.99991 0.99991 0.999917 0.999931 0.999951 0.999974 1 
1 0.999987 0.999974 0.999964 0.999957 0.999953 0.999953 0.999957 0.999964 0.999974 0.999987 1 
1 1 1 1 1 1 1 1 1 1 1 1 

