# vtk DataFile Version 3.0
cell
ASCII
DATASET STRUCTURED_POINTS
DIMENSIONS 12 12 1
ORIGIN 0 0 0
SPACING 1 1 1
POINT_DATA 144
SCALARS cell double
LOOKUP_TABLE default
1 1 1 1 1 1 1 1 1 1 1 1 
1 0.994307 0.989075 0.984729 0.981619 0.979999 0.979999 0.981619 0.984729 0.989075 0.994307 1 
1 0.989075 0.979036 0.970694 0.964727 0.961618 0.961618 0.964727 0.970694 0.979036 0.989075 1 
1 0.984729 0.970694 0.959034 0.950693 0.946347 0.946347 0.950693 0.959034 0.970694 0.984729 1 
1 0.981619 0.964727 0.950693 0.940654 0.935422 0.935422 0.940654 0.950693 0.964727 0.981619 1 
1 0.979999 0.961618 0.946347 0.935422 0.929729 0.929729 0.935422 0.946347 0.961618 0.979999 1 
1 0.979999 0.961618 0.946347 0.935422 0.929729 0.929729 0.935422 0.946347 0.961618 0.979999 1 
1 0.981619 0.964727 0.950693 0.940654 0.935422 0.935422 0.940654 0.950693 0.964727 0.981619 1 
1 0.984729 0.970694 0.959034 0.950693 0.946347 0.946347 0.950693 0.959034 0.970694 0.984729 1 
1 0.989075 0.979036 0.970694 0.964727 0.961618 0.961618 0.964727 0.970694 0.979036 0.989075 1 
1 0.994307 0.989075 0.984729 0.981619 0.979999 0.979999 0.981619 0.984729 0.989075 0.994307 1 
1 1 1 1 1 1 1 1 1 1 1 1 

