# vtk DataFile Version 3.0
cell
ASCII
DATASET STRUCTURED_POINTS
DIMENSIONS 12 12 1
ORIGIN 0 0 0
SPACING 1 1 1
POINT_DATA 144
SCALARS cell double
LOOKUP_TABLE default
1 1 1 1 1 1 1 1 1 1 1 1 
1 0.992274 0.985174 0.979275 0.975055 0.972856 0.972856 0.975055 0.979275 0.985174 0.992274 1 
1 0.985174 0.971549 0.960229 0.952131 0.947911 0.947911 0.952131 0.960229 0.971549 0.985174 1 
1 0.979275 0.960229 0.944405 0.933086 0.927187 0.927187 0.933086 0.944405 0.960229 0.979275 1 
1 0.975055 0.952131 0.933086 0.919461 0.912362 0.912362 0.919461 0.933086 0.952131 0.975055 1 
1 0.972856 0.947911 0.927187 0.912362 0.904636 0.904636 0.912362 0.927187 0.947911 0.972856 1 
1 0.972856 0.947911 0.927187 0.912362 0.904636 0.904636 0.912362 0.927187 0.947911 0.972856 1 
1 0.975055 0.952131 0.933086 0.919461 0.912362 0.912362 0.919461 0.933086 0.952131 0.975055 1 
1 0.979275 0.960229 0.944405 0.933086 0.927187 0.927187 0.933086 0.944405 0.960229 0.979275 1 
1 0.985174 0.971549 0.960229 0.952131 0.947911 0.947911 0.952131 0.960229 0.971549 0.985174 1 
1 0.992274 0.985174 0.979275 0.975055 0.972856 0.972856 0.975055 0.979275 0.985174 0.992274 1 
1 1 1 1 1 1 1 1 1 1 1 1 

