# vtk DataFile Version 3.0
cell
ASCII
DATASET STRUCTURED_POINTS
DIMENSIONS 12 12 1
ORIGIN 0 0 0
SPACING 1 1 1
POINT_DATA 144
SCALARS cell double
LOOKUP_TABLE default
1 1 1 1 1 1 1 1 1 1 1 1 
1 0.999847 0.999705 0.999588 0.999504 0.999461 0.999461 0.999504 0.999588 0.999705 0.999847 1 
1 0.999705 0.999435 0.99921 0.999049 0.998965 0.998965 0.999049 0.99921 0.999435 0.999705 1 
1 0.999588 0.99921 0.998895 0.998671 0.998553 0.998553 0.998671 0.998895 0.99921 0.999588 1 
1 0.999504 0.999049 0.998671 0.9984 0.998259 0.998259 0.9984 0.998671 0.999049 0.999504 1 
1 0.999461 0.998965 0.998553 0.998259 0.998105 0.998105 0.998259 0.998553 0.998965 0.999461 1 
1 0.999461 0.998965 0.998553 0.998259 0.998105 0.998105 0.998259 0.998553 0.998965 0.999461 1 
1 0.999504 0.999049 0.998671 0.9984 0.998259 0.998259 0.9984 0.998671 0.999049 0.999504 1 
1 0.999588 0.99921 0.998895 0.998671 0.998553 0.998553 0.998671 0.998895 0.99921 0.999588 1 
1 0.999705 0.999435 0.99921 0.999049 0.998965 0.998965 0.999049 0.99921 0.999435 0.999705 1 
1 0.999847 0.999705 0.999588 0.999504 0.999461 0.999461 0.999504 0.999588 0.999705 0.999847 1 
1 1 1 1 1 1 1 1 1 1 1 1 

