# vtk DataFile Version 3.0
cell
ASCII
DATASET STRUCTURED_POINTS
DIMENSIONS 12 12 1
ORIGIN 0 0 0
SPACING 1 1 1
POINT_DATA 144
SCALARS cell double
LOOKUP_TABLE default
1 1 1 1 1 1 1 1 1 1 1 1 
1 0.999996 0.999992 0.999989 0.999987 0.999986 0.999986 0.999987 0.999989 0.999992 0.999996 1 
1 0.999992 0.999986 0.99998 0.999976 0.999973 0.999973 0.999976 0.99998 0.999986 0.999992 1 
1 0.999989 0.99998 0.999972 0.999966 0.999963 0.999963 0.999966 0.999972 0.99998 0.999989 1 
1 0.999987 0.999976 0.999966 0.999959 0.999955 0.999955 0.999959 0.999966 0.999976 0.999987 1 
1 0.999986 0.999973 0.999963 0.999955 0.999951 0.999951 0.999955 0.999963 0.999973 0.999986 1 
1 0.999986 0.999973 0.999963 0.999955 0.999951 0.999951 0.999955 0.999963 0.999973 0.999986 1 
1 0.999987 0.999976 0.999966 0.999959 0.999955 0.999955 0.999959 0.999966 0.999976 0.999987 1 
1 0.999989 0.99998 0.999972 0.999966 0.999963 0.999963 0.999966 0.999972 0.99998 0.999989 1 
1 0.999992 0.999986 0.99998 0.999976 0.999973 0.999973 0.999976 0.99998 0.999986 0.999992 1 
1 0.999996 0.999992 0.999989 0.999987 0.999986 0.999986 0.999987 0.999989 0.999992 0.999996 1 
1 1 1 1 1 1 1 1 1 1 1 1 

