# vtk DataFile Version 3.0
cell
ASCII
DATASET STRUCTURED_POINTS
DIMENSIONS 12 12 1
ORIGIN 0 0 0
SPACING 1 1 1
POINT_DATA 144
SCALARS cell double
LOOKUP_TABLE default
1 1 1 1 1 1 1 1 1 1 1 1 
1 0.999963 0.999929 0.999901 0.999881 0.99987 0.99987 0.999881 0.999901 0.999929 0.999963 1 
1 0.999929 0.999864 0.99981 0.999771 0.999751 0.999751 0.999771 0.99981 0.999864 0.999929 1 
1 0.999901 0.99981 0.999734 0.99968 0.999652 0.999652 0.99968 0.999734 0.99981 0.999901 1 
1 0.999881 0.999771 0.99968 0.999615 0.999581 0.999581 0.999615 0.99968 0.999771 0.999881 1 
1 0.99987 0.999751 0.999652 0.999581 0.999544 0.999544 0.999581 0.999652 0.999751 0.99987 1 
1 0.99987 0.999751 0.999652 0.999581 0.999544 0.999544 0.999581 0.999652 0.999751 0.99987 1 
1 0.999881 0.999771 0.99968 0.999615 0.999581 0.999581 0.999615 0.99968 0.999771 0.999881 1 
1 0.999901 0.99981 0.999734 0.99968 0.999652 0.999652 0.99968 0.999734 0.99981 0.999901 1 
1 0.999929 0.999864 0.99981 0.999771 0.999751 0.999751 0.999771 0.99981 0.999864 0.999929 1 
1 0.999963 0.999929 0.999901 0.999881 0.99987 0.99987 0.999881 0.999901 0.999929 0.999963 1 
1 1 1 1 1 1 1 1 1 1 1 1 

