# vtk DataFile Version 3.0
cell
ASCII
DATASET STRUCTURED_POINTS
DIMENSIONS 12 12 1
ORIGIN 0 0 0
SPACING 1 1 1
POINT_DATA 144
SCALARS cell double
LOOKUP_TABLE default
1 1 1 1 1 1 1 1 1 1 1 1 
1 0.976268 0.954478 0.936401 0.923489 0.916769 0.916769 0.923489 0.936401 0.954478 0.976268 1 
1 0.954478 0.912681 0.878004 0.853237 0.840347 0.840347 0.853237 0.878004 0.912681 0.954478 1 
1 0.936401 0.878004 0.829558 0.794955 0.776945 0.776945 0.794955 0.829558 0.878004 0.936401 1 
1 0.923489 0.853237 0.794955 0.753328 0.731662 0.731662 0.753328 0.794955 0.853237 0.923489 1 
1 0.916769 0.840347 0.776945 0.731662 0.708093 0.708093 0.731662 0.776945 0.840347 0.916769 1 
1 0.916769 0.840347 0.776945 0.731662 0.708093 0.708093 0.731662 0.776945 0.840347 0.916769 1 
1 0.923489 0.853237 0.794955 0.753328 0.731662 0.731662 0.753328 0.794955 0.853237 0.923489 1 
1 0.936401 0.878004 0.829558 0.794955 0.776945 0.776945 0.794955 0.829558 0.878004 0.936401 1 
1 0.954478 0.912681 0.878004 0.853237 0.840347 0.840347 0.853237 0.878004 0.912681 0.954478 1 
1 0.976268 0.954478 0.936401 0.923489 0.916769 0.916769 0.923489 0.936401 0.954478 0.976268 1 
1 1 1 1 1 1 1 1 1 1 1 1 

