# vtk DataFile Version 3.0
cell
ASCII
DATASET STRUCTURED_POINTS
DIMENSIONS 12 12 1
ORIGIN 0 0 0
SPACING 1 1 1
POINT_DATA 144
SCALARS cell double
LOOKUP_TABLE default
1 1 1 1 1 1 1 1 1 1 1 1 
1 0.999987 0.999976 0.999966 0.999959 0.999955 0.999955 0.999959 0.999966 0.999976 0.999987 1 
1 0.999976 0.999953 0.999935 0.999921 0.999915 0.999915 0.999921 0.999935 0.999953 0.999976 1 
1 0.999966 0.999935 0.999909 0.99989 0.999881 0.999881 0.99989 0.999909 0.999935 0.999966 1 
1 0.999959 0.999921 0.99989 0.999868 0.999856 0.999856 0.999868 0.99989 0.999921 0.999959 1 
1 0.999955 0.999915 0.999881 0.999856 0.999843 0.999843 0.999856 0.999881 0.999915 0.999955 1 
1 0.999955 0.999915 0.999881 0.999856 0.999843 0.999843 0.999856 0.999881 0.999915 0.999955 1 
1 0.999959 0.999921 0.99989 0.999868 0.999856 0.999856 0.999868 0.99989 0.999921 0.999959 1 
1 0.999966 0.999935 0.999909 0.99989 0.999881 0.999881 0.99989 0.999909 0.999935 0.999966 1 
1 0.999976 0.999953 0.999935 0.999921 0.999915 0.999915 0.999921 0.999935 0.999953 0.999976 1 
1 0.999987 0.999976 0.999966 0.999959 0.999955 0.999955 0.999959 0.999966 0.999976 0.999987 1 
1 1 1 1 1 1 1 1 1 1 1 1 

