# vtk DataFile Version 3.0
cell
ASCII
DATASET STRUCTURED_POINTS
DIMENSIONS 12 12 1
ORIGIN 0 0 0
SPACING 1 1 1
POINT_DATA 144
SCALARS cell double
LOOKUP_TABLE default
1 1 1 1 1 1 1 1 1 1 1 1 
1 0.935444 0.877803 0.832254 0.801474 0.786145 0.786145 0.801474 0.832254 0.877803 0.935444 1 
1 0.877803 0.768703 0.682494 0.624243 0.595237 0.595237 0.624243 0.682494 0.768703 0.877803 1 
1 0.832254 0.682494 0.56417 0.484229 0.444426 0.444426 0.484229 0.56417 0.682494 0.832254 1 
1 0.801474 0.624243 0.484229 0.389644 0.342555 0.342555 0.389644 0.484229 0.624243 0.801474 1 
1 0.786145 0.595237 0.444426 0.342555 0.291841 0.291841 0.342555 0.444426 0.595237 0.786145 1 
1 0.786145 0.595237 0.444426 0.342555 0.291841 0.291841 0.342555 0.444426 0.595237 0.786145 1 
1 0.801474 0.624243 0.484229 0.389644 0.342555 0.342555 0.389644 0.484229 0.624243 0.801474 1 
1 0.832254 0.682494 0.56417 0.484229 0.444426 0.444426 0.484229 0.56417 0.682494 0.832254 1 
1 0.877803 0.768703 0.682494 0.624243 0.595237 0.595237 0.624243 0.682494 0.768703 0.877803 1 
1 0.935444 0.877803 0.832254 0.801474 0.786145 0.786145 0.801474 0.832254 0.877803 0.935444 1 
1 1 1 1 1 1 1 1 1 1 1 1 

