# vtk DataFile Version 3.0
cell
ASCII
DATASET STRUCTURED_POINTS
DIMENSIONS 12 12 1
ORIGIN 0 0 0
SPACING 1 1 1
POINT_DATA 144
SCALARS cell double
LOOKUP_TABLE default
1 1 1 1 1 1 1 1 1 1 1 1 
1 0.996748 0.993759 0.991275 0.989499 0.988573 0.988573 0.989499 0.991275 0.993759 0.996748 1 
1 0.993759 0.988023 0.983257 0.979848 0.978072 0.978072 0.979848 0.983257 0.988023 0.993759 1 
1 0.991275 0.983257 0.976596 0.97183 0.969347 0.969347 0.97183 0.976596 0.983257 0.991275 1 
1 0.989499 0.979848 0.97183 0.966095 0.963106 0.963106 0.966095 0.97183 0.979848 0.989499 1 
1 0.988573 0.978072 0.969347 0.963106 0.959853 0.959853 0.963106 0.969347 0.978072 0.988573 1 
1 0.988573 0.978072 0.969347 0.963106 0.959853 0.959853 0.963106 0.969347 0.978072 0.988573 1 
1 0.989499 0.979848 0.97183 0.966095 0.963106 0.963106 0.966095 0.97183 0.979848 0.989499 1 
1 0.991275 0.983257 0.976596 0.97183 0.969347 0.969347 0.97183 0.976596 0.983257 0.991275 1 
1 0.993759 0.988023 0.983257 0.979848 0.978072 0.978072 0.979848 0.983257 0.988023 0.993759 1 
1 0.996748 0.993759 0.991275 0.989499 0.988573 0.988573 0.989499 0.991275 0.993759 0.996748 1 
1 1 1 1 1 1 1 1 1 1 1 1 

