# vtk DataFile Version 3.0
cell
ASCII
DATASET STRUCTURED_POINTS
DIMENSIONS 12 12 1
ORIGIN 0 0 0
SPACING 1 1 1
POINT_DATA 144
SCALARS cell double
LOOKUP_TABLE default
1 1 1 1 1 1 1 1 1 1 1 1 
1 0.999362 0.998775 0.998288 0.997939 0.997758 0.997758 0.997939 0.998288 0.998775 0.999362 1 
1 0.998775 0.99765 0.996715 0.996046 0.995697 0.995697 0.996046 0.996715 0.99765 0.998775 1 
1 0.998288 0.996715 0.995408 0.994473 0.993985 0.993985 0.994473 0.995408 0.996715 0.998288 1 
1 0.997939 0.996046 0.994473 0.993347 0.992761 0.992761 0.993347 0.994473 0.996046 0.997939 1 
1 0.997758 0.995697 0.993985 0.992761 0.992123 0.992123 0.992761 0.993985 0.995697 0.997758 1 
1 0.997758 0.995697 0.993985 0.992761 0.992123 0.992123 0.992761 0.993985 0.995697 0.997758 1 
1 0.997939 0.996046 0.994473 0.993347 0.992761 0.992761 0.993347 0.994473 0.996046 0.997939 1 
1 0.998288 0.996715 0.995408 0.994473 0.993985 0.993985 0.994473 0.995408 0.996715 0.998288 1 
1 0.998775 0.99765 0.996715 0.996046 0.995697 0.995697 0.996046 0.996715 0.99765 0.998775 1 
1 0.999362 0.998775 0.998288 0.997939 0.997758 0.997758 0.997939 0.998288 0.998775 0.999362 1 
1 1 1 1 1 1 1 1 1 1 1 1 

