# vtk DataFile Version 3.0
cell
ASCII
DATASET STRUCTURED_POINTS
DIMENSIONS 12 12 1
ORIGIN 0 0 0
SPACING 1 1 1
POINT_DATA 144
SCALARS cell double
LOOKUP_TABLE default
1 1 1 1 1 1 1 1 1 1 1 1 
1 0.997478 0.995161 0.993235 0.991858 0.99114 0.99114 0.991858 0.993235 0.995161 0.997478 1 
1 0.995161 0.990714 0.987019 0.984376 0.982998 0.982998 0.984376 0.987019 0.990714 0.995161 1 
1 0.993235 0.987019 0.981854 0.978159 0.976234 0.976234 0.978159 0.981854 0.987019 0.993235 1 
1 0.991858 0.984376 0.978159 0.973712 0.971394 0.971394 0.973712 0.978159 0.984376 0.991858 1 
1 0.99114 0.982998 0.976234 0.971394 0.968873 0.968873 0.971394 0.976234 0.982998 0.99114 1 
1 0.99114 0.982998 0.976234 0.971394 0.968873 0.968873 0.971394 0.976234 0.982998 0.99114 1 
1 0.991858 0.984376 0.978159 0.973712 0.971394 0.971394 0.973712 0.978159 0.984376 0.991858 1 
1 0.993235 0.987019 0.981854 0.978159 0.976234 0.976234 0.978159 0.981854 0.987019 0.993235 1 
1 0.995161 0.990714 0.987019 0.984376 0.982998 0.982998 0.984376 0.987019 0.990714 0.995161 1 
1 0.997478 0.995161 0.993235 0.991858 0.99114 0.99114 0.991858 0.993235 0.995161 0.997478 1 
1 1 1 1 1 1 1 1 1 1 1 1 

