# vtk DataFile Version 3.0
cell
ASCII
DATASET STRUCTURED_POINTS
DIMENSIONS 12 12 1
ORIGIN 0 0 0
SPACING 1 1 1
POINT_DATA 144
SCALARS cell double
LOOKUP_TABLE default
1 1 1 1 1 1 1 1 1 1 1 1 
1 0.99995 0.999904 0.999866 0.999838 0.999824 0.999824 0.999838 0.999866 0.999904 0.99995 1 
1 0.999904 0.999816 0.999742 0.99969 0.999662 0.999662 0.99969 0.999742 0.999816 0.999904 1 
1 0.999866 0.999742 0.999639 0.999566 0.999528 0.999528 0.999566 0.999639 0.999742 0.999866 1 
1 0.999838 0.99969 0.999566 0.999478 0.999432 0.999432 0.999478 0.999566 0.99969 0.999838 1 
1 0.999824 0.999662 0.999528 0.999432 0.999382 0.999382 0.999432 0.999528 0.999662 0.999824 1 
1 0.999824 0.999662 0.999528 0.999432 0.999382 0.999382 0.999432 0.999528 0.999662 0.999824 1 
1 0.999838 0.99969 0.999566 0.999478 0.999432 0.999432 0.999478 0.999566 0.99969 0.999838 1 
1 0.999866 0.999742 0.999639 0.999566 0.999528 0.999528 0.999566 0.999639 0.999742 0.999866 1 
1 0.999904 0.999816 0.999742 0.99969 0.999662 0.999662 0.99969 0.999742 0.999816 0.999904 1 
1 0.99995 0.999904 0.999866 0.999838 0.999824 0.999824 0.999838 0.999866 0.999904 0.99995 1 
1 1 1 1 1 1 1 1 1 1 1 1 

