# vtk DataFile Version 3.0
cell
ASCII
DATASET STRUCTURED_POINTS
DIMENSIONS 12 12 1
ORIGIN 0 0 0
SPACING 1 1 1
POINT_DATA 144
SCALARS cell double
LOOKUP_TABLE default
1 1 1 1 1 1 1 1 1 1 1 1 
1 0.977456 0.956754 0.939574 0.9273 0.920911 0.920911 0.9273 0.939574 0.956754 0.977456 1 
1 0.956754 0.91704 0.884083 0.860538 0.848281 0.848281 0.860538 0.884083 0.91704 0.956754 1 
1 0.939574 0.884083 0.838035 0.805136 0.788009 0.788009 0.805136 0.838035 0.884083 0.939574 1 
1 0.9273 0.860538 0.805136 0.765555 0.744949 0.744949 0.765555 0.805136 0.860538 0.9273 1 
1 0.920911 0.848281 0.788009 0.744949 0.722533 0.722533 0.744949 0.788009 0.848281 0.920911 1 
1 0.920911 0.848281 0.788009 0.744949 0.722533 0.722533 0.744949 0.788009 0.848281 0.920911 1 
1 0.9273 0.860538 0.805136 0.765555 0.744949 0.744949 0.765555 0.805136 0.860538 0.9273 1 
1 0.939574 0.884083 0.838035 0.805136 0.788009 0.788009 0.805136 0.838035 0.884083 0.939574 1 
1 0.956754 0.91704 0.884083 0.860538 0.848281 0.848281 0.860538 0.884083 0.91704 0.956754 1 
1 0.977456 0.956754 0.939574 0.9273 0.920911 0.920911 0.9273 0.939574 0.956754 0.977456 1 
1 1 1 1 1 1 1 1 1 1 1 1 

