# vtk DataFile Version 3.0
cell
ASCII
DATASET STRUCTURED_POINTS
DIMENSIONS 12 12 1
ORIGIN 0 0 0
SPACING 1 1 1
POINT_DATA 144
SCALARS cell double
LOOKUP_TABLE default
1 1 1 1 1 1 1 1 1 1 1 1 
1 0.999945 0.999894 0.999851 0.999821 0.999805 0.999805 0.999821 0.999851 0.999894 0.999945 1 
1 0.999894 0.999796 0.999714 0.999656 0.999626 0.999626 0.999656 0.999714 0.999796 0.999894 1 
1 0.999851 0.999714 0.999601 0.99952 0.999477 0.999477 0.99952 0.999601 0.999714 0.999851 1 
1 0.999821 0.999656 0.99952 0.999422 0.999371 0.999371 0.999422 0.99952 0.999656 0.999821 1 
1 0.999805 0.999626 0.999477 0.999371 0.999315 0.999315 0.999371 0.999477 0.999626 0.999805 1 
1 0.999805 0.999626 0.999477 0.999371 0.999315 0.999315 0.999371 0.999477 0.999626 0.999805 1 
1 0.999821 0.999656 0.99952 0.999422 0.999371 0.999371 0.999422 0.99952 0.999656 0.999821 1 
1 0.999851 0.999714 0.999601 0.99952 0.999477 0.999477 0.99952 0.999601 0.999714 0.999851 1 
1 0.999894 0.999796 0.999714 0.999656 0.999626 0.999626 0.999656 0.999714 0.999796 0.999894 1 
1 0.999945 0.999894 0.999851 0.999821 0.999805 0.999805 0.999821 0.999851 0.999894 0.999945 1 
1 1 1 1 1 1 1 1 1 1 1 1 

