# vtk DataFile Version 3.0
cell
ASCII
DATASET STRUCTURED_POINTS
DIMENSIONS 12 12 1
ORIGIN 0 0 0
SPACING 1 1 1
POINT_DATA 144
SCALARS cell double
LOOKUP_TABLE default
1 1 1 1 1 1 1 1 1 1 1 1 
1 0.999932 0.99987 0.999818 0.99978 0.999761 0.999761 0.99978 0.999818 0.99987 0.999932 1 
1 0.99987 0.99975 0.99965 0.999579 0.999542 0.999542 0.999579 0.99965 0.99975 0.99987 1 
1 0.999818 0.99965 0.999511 0.999411 0.999359 0.999359 0.999411 0.999511 0.99965 0.999818 1 
1 0.99978 0.999579 0.999411 0.999291 0.999229 0.999229 0.999291 0.999411 0.999579 0.99978 1 
1 0.999761 0.999542 0.999359 0.999229 0.999161 0.999161 0.999229 0.999359 0.999542 0.999761 1 
1 0.999761 0.999542 0.999359 0.999229 0.999161 0.999161 0.999229 0.999359 0.999542 0.999761 1 
1 0.99978 0.999579 0.999411 0.999291 0.999229 0.999229 0.999291 0.999411 0.999579 0.99978 1 
1 0.999818 0.99965 0.999511 0.999411 0.999359 0.999359 0.999411 0.999511 0.99965 0.999818 1 
1 0.99987 0.99975 0.99965 0.999579 0.999542 0.999542 0.999579 0.99965 0.99975 0.99987 1 
1 0.999932 0.99987 0.999818 0.99978 0.999761 0.999761 0.99978 0.999818 0.99987 0.999932 1 
1 1 1 1 1 1 1 1 1 1 1 1 

