# vtk DataFile Version 3.0
cell
ASCII
DATASET STRUCTURED_POINTS
DIMENSIONS 12 12 1
ORIGIN 0 0 0
SPACING 1 1 1
POINT_DATA 144
SCALARS cell double
LOOKUP_TABLE default
1 1 1 1 1 1 1 1 1 1 1 1 
1 0.999875 0.99976 0.999664 0.999596 0.99956 0.99956 0.999596 0.999664 0.99976 0.999875 1 
1 0.99976 0.999539 0.999355 0.999224 0.999156 0.999156 0.999224 0.999355 0.999539 0.99976 1 
1 0.999664 0.999355 0.999099 0.998915 0.99882 0.99882 0.998915 0.999099 0.999355 0.999664 1 
1 0.999596 0.999224 0.998915 0.998695 0.99858 0.99858 0.998695 0.998915 0.999224 0.999596 1 
1 0.99956 0.999156 0.99882 0.99858 0.998454 0.998454 0.99858 0.99882 0.999156 0.99956 1 
1 0.99956 0.999156 0.99882 0.99858 0.998454 0.998454 0.99858 0.99882 0.999156 0.99956 1 
1 0.999596 0.999224 0.998915 0.998695 0.99858 0.99858 0.998695 0.998915 0.999224 0.999596 1 
1 0.999664 0.999355 0.999099 0.998915 0.99882 0.99882 0.998915 0.999099 0.999355 0.999664 1 
1 0.99976 0.999539 0.999355 0.999224 0.999156 0.999156 0.999224 0.999355 0.999539 0.99976 1 
1 0.999875 0.99976 0.999664 0.999596 0.99956 0.99956 0.999596 0.999664 0.99976 0.999875 1 
1 1 1 1 1 1 1 1 1 1 1 1 

