# vtk DataFile Version 3.0
cell
ASCII
DATASET STRUCTURED_POINTS
DIMENSIONS 12 12 1
ORIGIN 0 0 0
SPACING 1 1 1
POINT_DATA 144
SCALARS cell double
LOOKUP_TABLE default
1 1 1 1 1 1 1 1 1 1 1 1 
1 0.998883 0.997856 0.997004 0.996393 0.996075 0.996075 0.996393 0.997004 0.997856 0.998883 1 
1 0.997856 0.995886 0.99425 0.993079 0.992469 0.992469 0.993079 0.99425 0.995886 0.997856 1 
1 0.997004 0.99425 0.991962 0.990325 0.989472 0.989472 0.990325 0.991962 0.99425 0.997004 1 
1 0.996393 0.993079 0.990325 0.988355 0.987329 0.987329 0.988355 0.990325 0.993079 0.996393 1 
1 0.996075 0.992469 0.989472 0.987329 0.986212 0.986212 0.987329 0.989472 0.992469 0.996075 1 
1 0.996075 0.992469 0.989472 0.987329 0.986212 0.986212 0.987329 0.989472 0.992469 0.996075 1 
1 0.996393 0.993079 0.990325 0.988355 0.987329 0.987329 0.988355 0.990325 0.993079 0.996393 1 
1 0.997004 0.99425 0.991962 0.990325 0.989472 0.989472 0.990325 0.991962 0.99425 0.997004 1 
1 0.997856 0.995886 0.99425 0.993079 0.992469 0.992469 0.993079 0.99425 0.995886 0.997856 1 
1 0.998883 0.997856 0.997004 0.996393 0.996075 0.996075 0.996393 0.997004 0.997856 0.998883 1 
1 1 1 1 1 1 1 1 1 1 1 1 

