# vtk DataFile Version 3.0
cell
ASCII
DATASET STRUCTURED_POINTS
DIMENSIONS 12 12 1
ORIGIN 0 0 0
SPACING 1 1 1
POINT_DATA 144
SCALARS cell double
LOOKUP_TABLE default
1 1 1 1 1 1 1 1 1 1 1 1 
1 0.998405 0.996939 0.995721 0.99485 0.994396 0.994396 0.99485 0.995721 0.996939 0.998405 1 
1 0.996939 0.994126 0.991789 0.990117 0.989246 0.989246 0.990117 0.991789 0.994126 0.996939 1 
1 0.995721 0.991789 0.988522 0.986185 0.984967 0.984967 0.986185 0.988522 0.991789 0.995721 1 
1 0.99485 0.990117 0.986185 0.983372 0.981906 0.981906 0.983372 0.986185 0.990117 0.99485 1 
1 0.994396 0.989246 0.984967 0.981906 0.980311 0.980311 0.981906 0.984967 0.989246 0.994396 1 
1 0.994396 0.989246 0.984967 0.981906 0.980311 0.980311 0.981906 0.984967 0.989246 0.994396 1 
1 0.99485 0.990117 0.986185 0.983372 0.981906 0.981906 0.983372 0.986185 0.990117 0.99485 1 
1 0.995721 0.991789 0.988522 0.986185 0.984967 0.984967 0.986185 0.988522 0.991789 0.995721 1 
1 0.996939 0.994126 0.991789 0.990117 0.989246 0.989246 0.990117 0.991789 0.994126 0.996939 1 
1 0.998405 0.996939 0.995721 0.99485 0.994396 0.994396 0.99485 0.995721 0.996939 0.998405 1 
1 1 1 1 1 1 1 1 1 1 1 1 

