# vtk DataFile Version 3.0
cell
ASCII
DATASET STRUCTURED_POINTS
DIMENSIONS 12 12 1
ORIGIN 0 0 0
SPACING 1 1 1
POINT_DATA 144
SCALARS cell double
LOOKUP_TABLE default
1 1 1 1 1 1 1 1 1 1 1 1 
1 0.894155 0.805583 0.743468 0.707303 0.691517 0.691517 0.707303 0.743468 0.805583 0.894155 1 
1 0.805583 0.642941 0.528949 0.46263 0.433703 0.433703 0.46263 0.528949 0.642941 0.805583 1 
1 0.743468 0.528949 0.378711 0.291388 0.253335 0.253335 0.291388 0.378711 0.528949 0.743468 1 
1 0.707303 0.46263 0.291388 0.191945 0.148646 0.148646 0.191945 0.291388 0.46263 0.707303 1 
1 0.691517 0.433703 0.253335 0.148646 0.103085 0.103085 0.148646 0.253335 0.433703 0.691517 1 
1 0.691517 0.433703 0.253335 0.148646 0.103085 0.103085 0.148646 0.253335 0.433703 0.691517 1 
1 0.707303 0.46263 0.291388 0.191945 0.148646 0.148646 0.191945 0.291388 0.46263 0.707303 1 
1 0.743468 0.528949 0.378711 0.291388 0.253335 0.253335 0.291388 0.378711 0.528949 0.743468 1 
1 0.805583 0.642941 0.528949 0.46263 0.433703 0.433703 0.46263 0.528949 0.642941 0.805583 1 
1 0.894155 0.805583 0.743468 0.707303 0.691517 0.691517 0.707303 0.743468 0.805583 0.894155 1 
1 1 1 1 1 1 1 1 1 1 1 1 

