# vtk DataFile Version 3.0
cell
ASCII
DATASET STRUCTURED_POINTS
DIMENSIONS 12 12 1
ORIGIN 0 0 0
SPACING 1 1 1
POINT_DATA 144
SCALARS cell double
LOOKUP_TABLE default
1 1 1 1 1 1 1 1 1 1 1 1 
1 0.965852 0.934576 0.908741 0.890375 0.88085 0.88085 0.890375 0.908741 0.934576 0.965852 1 
1 0.934576 0.874657 0.82516 0.789973 0.771726 0.771726 0.789973 0.82516 0.874657 0.934576 1 
1 0.908741 0.82516 0.756117 0.707035 0.681582 0.681582 0.707035 0.756117 0.82516 0.908741 1 
1 0.890375 0.789973 0.707035 0.648076 0.6175 0.6175 0.648076 0.707035 0.789973 0.890375 1 
1 0.88085 0.771726 0.681582 0.6175 0.584268 0.584268 0.6175 0.681582 0.771726 0.88085 1 
1 0.88085 0.771726 0.681582 0.6175 0.584268 0.584268 0.6175 0.681582 0.771726 0.88085 1 
1 0.890375 0.789973 0.707035 0.648076 0.6175 0.6175 0.648076 0.707035 0.789973 0.890375 1 
1 0.908741 0.82516 0.756117 0.707035 0.681582 0.681582 0.707035 0.756117 0.82516 0.908741 1 
1 0.934576 0.874657 0.82516 0.789973 0.771726 0.771726 0.789973 0.82516 0.874657 0.934576 1 
1 0.965852 0.934576 0.908741 0.890375 0.88085 0.88085 0.890375 0.908741 0.934576 0.965852 1 
1 1 1 1 1 1 1 1 1 1 1 1 

