# vtk DataFile Version 3.0
cell
ASCII
DATASET STRUCTURED_POINTS
DIMENSIONS 12 12 1
ORIGIN 0 0 0
SPACING 1 1 1
POINT_DATA 144
SCALARS cell double
LOOKUP_TABLE default
1 1 1 1 1 1 1 1 1 1 1 1 
1 0.998322 0.996779 0.995498 0.994581 0.994103 0.994103 0.994581 0.995498 0.996779 0.998322 1 
1 0.996779 0.993819 0.99136 0.989601 0.988684 0.988684 0.989601 0.99136 0.993819 0.996779 1 
1 0.995498 0.99136 0.987923 0.985464 0.984182 0.984182 0.985464 0.987923 0.99136 0.995498 1 
1 0.994581 0.989601 0.985464 0.982504 0.980961 0.980961 0.982504 0.985464 0.989601 0.994581 1 
1 0.994103 0.988684 0.984182 0.980961 0.979283 0.979283 0.980961 0.984182 0.988684 0.994103 1 
1 0.994103 0.988684 0.984182 0.980961 0.979283 0.979283 0.980961 0.984182 0.988684 0.994103 1 
1 0.994581 0.989601 0.985464 0.982504 0.980961 0.980961 0.982504 0.985464 0.989601 0.994581 1 
1 0.995498 0.99136 0.987923 0.985464 0.984182 0.984182 0.985464 0.987923 0.99136 0.995498 1 
1 0.996779 0.993819 0.99136 0.989601 0.988684 0.988684 0.989601 0.99136 0.993819 0.996779 1 
1 0.998322 0.996779 0.995498 0.994581 0.994103 0.994103 0.994581 0.995498 0.996779 0.998322 1 
1 1 1 1 1 1 1 1 1 1 1 1 

