# vtk DataFile Version 3.0
cell
ASCII
DATASET STRUCTURED_POINTS
DIMENSIONS 12 12 1
ORIGIN 0 0 0
SPACING 1 1 1
POINT_DATA 144
SCALARS cell double
LOOKUP_TABLE default
1 1 1 1 1 1 1 1 1 1 1 1 
1 0.985021 0.971258 0.959827 0.951651 0.947391 0.947391 0.951651 0.959827 0.971258 0.985021 1 
1 0.971258 0.944849 0.922913 0.907225 0.899052 0.899052 0.907225 0.922913 0.944849 0.971258 1 
1 0.959827 0.922913 0.892252 0.870324 0.8589 0.8589 0.870324 0.892252 0.922913 0.959827 1 
1 0.951651 0.907225 0.870324 0.843933 0.830184 0.830184 0.843933 0.870324 0.907225 0.951651 1 
1 0.947391 0.899052 0.8589 0.830184 0.815223 0.815223 0.830184 0.8589 0.899052 0.947391 1 
1 0.947391 0.899052 0.8589 0.830184 0.815223 0.815223 0.830184 0.8589 0.899052 0.947391 1 
1 0.951651 0.907225 0.870324 0.843933 0.830184 0.830184 0.843933 0.870324 0.907225 0.951651 1 
1 0.959827 0.922913 0.892252 0.870324 0.8589 0.8589 0.870324 0.892252 0.922913 0.959827 1 
1 0.971258 0.944849 0.922913 0.907225 0.899052 0.899052 0.907225 0.922913 0.944849 0.971258 1 
1 0.985021 0.971258 0.959827 0.951651 0.947391 0.947391 0.951651 0.959827 0.971258 0.985021 1 
1 1 1 1 1 1 1 1 1 1 1 1 

