# vtk DataFile Version 3.0
cell
ASCII
DATASET STRUCTURED_POINTS
DIMENSIONS 12 12 1
ORIGIN 0 0 0
SPACING 1 1 1
POINT_DATA 144
SCALARS cell double
LOOKUP_TABLE default
1 1 1 1 1 1 1 1 1 1 1 1 
1 0.999898 0.999804 0.999726 0.99967 0.999641 0.999641 0.99967 0.999726 0.999804 0.999898 1 
1 0.999804 0.999624 0.999474 0.999367 0.999311 0.999311 0.999367 0.999474 0.999624 0.999804 1 
1 0.999726 0.999474 0.999265 0.999115 0.999037 0.999037 0.999115 0.999265 0.999474 0.999726 1 
1 0.99967 0.999367 0.999115 0.998935 0.998841 0.998841 0.998935 0.999115 0.999367 0.99967 1 
1 0.999641 0.999311 0.999037 0.998841 0.998739 0.998739 0.998841 0.999037 0.999311 0.999641 1 
1 0.999641 0.999311 0.999037 0.998841 0.998739 0.998739 0.998841 0.999037 0.999311 0.999641 1 
1 0.99967 0.999367 0.999115 0.998935 0.998841 0.998841 0.998935 0.999115 0.999367 0.99967 1 
1 0.999726 0.999474 0.999265 0.999115 0.999037 0.999037 0.999115 0.999265 0.999474 0.999726 1 
1 0.999804 0.999624 0.999474 0.999367 0.999311 0.999311 0.999367 0.999474 0.999624 0.999804 1 
1 0.999898 0.999804 0.999726 0.99967 0.999641 0.999641 0.99967 0.999726 0.999804 0.999898 1 
1 1 1 1 1 1 1 1 1 1 1 1 

