# vtk DataFile Version 3.0
cell
ASCII
DATASET STRUCTURED_POINTS
DIMENSIONS 12 12 1
ORIGIN 0 0 0
SPACING 1 1 1
POINT_DATA 144
SCALARS cell double
LOOKUP_TABLE default
1 1 1 1 1 1 1 1 1 1 1 1 
1 0.955202 0.914403 0.881021 0.857542 0.845467 0.845467 0.857542 0.881021 0.914403 0.955202 1 
1 0.914403 0.836446 0.772664 0.727804 0.704731 0.704731 0.727804 0.772664 0.836446 0.914403 1 
1 0.881021 0.772664 0.68401 0.621657 0.589588 0.589588 0.621657 0.68401 0.772664 0.881021 1 
1 0.857542 0.727804 0.621657 0.547002 0.508607 0.508607 0.547002 0.621657 0.727804 0.857542 1 
1 0.845467 0.704731 0.589588 0.508607 0.466958 0.466958 0.508607 0.589588 0.704731 0.845467 1 
1 0.845467 0.704731 0.589588 0.508607 0.466958 0.466958 0.508607 0.589588 0.704731 0.845467 1 
1 0.857542 0.727804 0.621657 0.547002 0.508607 0.508607 0.547002 0.621657 0.727804 0.857542 1 
1 0.881021 0.772664 0.68401 0.621657 0.589588 0.589588 0.621657 0.68401 0.772664 0.881021 1 
1 0.914403 0.836446 0.772664 0.727804 0.704731 0.704731 0.727804 0.772664 0.836446 0.914403 1 
1 0.955202 0.914403 0.881021 0.857542 0.845467 0.845467 0.857542 0.881021 0.914403 0.955202 1 
1 1 1 1 1 1 1 1 1 1 1 1 

