# vtk DataFile Version 3.0
cell
ASCII
DATASET STRUCTURED_POINTS
DIMENSIONS 12 12 1
ORIGIN 0 0 0
SPACING 1 1 1
POINT_DATA 144
SCALARS cell double
LOOKUP_TABLE default
1 1 1 1 1 1 1 1 1 1 1 1 
1 0.998045 0.996248 0.994755 0.993687 0.993131 0.993131 0.993687 0.994755 0.996248 0.998045 1 
1 0.996248 0.9928 0.989935 0.987886 0.986818 0.986818 0.987886 0.989935 0.9928 0.996248 1 
1 0.994755 0.989935 0.985931 0.983066 0.981573 0.981573 0.983066 0.985931 0.989935 0.994755 1 
1 0.993687 0.987886 0.983066 0.979618 0.977821 0.977821 0.979618 0.983066 0.987886 0.993687 1 
1 0.993131 0.986818 0.981573 0.977821 0.975866 0.975866 0.977821 0.981573 0.986818 0.993131 1 
1 0.993131 0.986818 0.981573 0.977821 0.975866 0.975866 0.977821 0.981573 0.986818 0.993131 1 
1 0.993687 0.987886 0.983066 0.979618 0.977821 0.977821 0.979618 0.983066 0.987886 0.993687 1 
1 0.994755 0.989935 0.985931 0.983066 0.981573 0.981573 0.983066 0.985931 0.989935 0.994755 1 
1 0.996248 0.9928 0.989935 0.987886 0.986818 0.986818 0.987886 0.989935 0.9928 0.996248 1 
1 0.998045 0.996248 0.994755 0.993687 0.993131 0.993131 0.993687 0.994755 0.996248 0.998045 1 
1 1 1 1 1 1 1 1 1 1 1 1 

