# vtk DataFile Version 3.0
cell
ASCII
DATASET STRUCTURED_POINTS
DIMENSIONS 12 12 1
ORIGIN 0 0 0
SPACING 1 1 1
POINT_DATA 144
SCALARS cell double
LOOKUP_TABLE default
1 1 1 1 1 1 1 1 1 1 1 1 
1 0.986473 0.974043 0.963718 0.956333 0.952485 0.952485 0.956333 0.963718 0.974043 0.986473 1 
1 0.974043 0.950191 0.930378 0.916207 0.908823 0.908823 0.916207 0.930378 0.950191 0.974043 1 
1 0.963718 0.930378 0.902683 0.882875 0.872554 0.872554 0.882875 0.902683 0.930378 0.963718 1 
1 0.956333 0.916207 0.882875 0.859034 0.846613 0.846613 0.859034 0.882875 0.916207 0.956333 1 
1 0.952485 0.908823 0.872554 0.846613 0.833096 0.833096 0.846613 0.872554 0.908823 0.952485 1 
1 0.952485 0.908823 0.872554 0.846613 0.833096 0.833096 0.846613 0.872554 0.908823 0.952485 1 
1 0.956333 0.916207 0.882875 0.859034 0.846613 0.846613 0.859034 0.882875 0.916207 0.956333 1 
1 0.963718 0.930378 0.902683 0.882875 0.872554 0.872554 0.882875 0.902683 0.930378 0.963718 1 
1 0.974043 0.950191 0.930378 0.916207 0.908823 0.908823 0.916207 0.930378 0.950191 0.974043 1 
1 0.986473 0.974043 0.963718 0.956333 0.952485 0.952485 0.956333 0.963718 0.974043 0.986473 1 
1 1 1 1 1 1 1 1 1 1 1 1 

