# vtk DataFile Version 3.0
cell
ASCII
DATASET STRUCTURED_POINTS
DIMENSIONS 12 12 1
ORIGIN 0 0 0
SPACING 1 1 1
POINT_DATA 144
SCALARS cell double
LOOKUP_TABLE default
1 1 1 1 1 1 1 1 1 1 1 1 
1 0.999957 0.999917 0.999885 0.999861 0.999849 0.999849 0.999861 0.999885 0.999917 0.999957 1 
1 0.999917 0.999842 0.999779 0.999734 0.99971 0.99971 0.999734 0.999779 0.999842 0.999917 1 
1 0.999885 0.999779 0.999691 0.999628 0.999595 0.999595 0.999628 0.999691 0.999779 0.999885 1 
1 0.999861 0.999734 0.999628 0.999552 0.999512 0.999512 0.999552 0.999628 0.999734 0.999861 1 
1 0.999849 0.99971 0.999595 0.999512 0.999469 0.999469 0.999512 0.999595 0.99971 0.999849 1 
1 0.999849 0.99971 0.999595 0.999512 0.999469 0.999469 0.999512 0.999595 0.99971 0.999849 1 
1 0.999861 0.999734 0.999628 0.999552 0.999512 0.999512 0.999552 0.999628 0.999734 0.999861 1 
1 0.999885 0.999779 0.999691 0.999628 0.999595 0.999595 0.999628 0.999691 0.999779 0.999885 1 
1 0.999917 0.999842 0.999779 0.999734 0.99971 0.99971 0.999734 0.999779 0.999842 0.999917 1 
1 0.999957 0.999917 0.999885 0.999861 0.999849 0.999849 0.999861 0.999885 0.999917 0.999957 1 
1 1 1 1 1 1 1 1 1 1 1 1 

