# vtk DataFile Version 3.0
cell
ASCII
DATASET STRUCTURED_POINTS
DIMENSIONS 12 12 1
ORIGIN 0 0 0
SPACING 1 1 1
POINT_DATA 144
SCALARS cell double
LOOKUP_TABLE default
1 1 1 1 1 1 1 1 1 1 1 1 
1 0.999992 0.999985 0.999978 0.999974 0.999972 0.999972 0.999974 0.999978 0.999985 0.999992 1 
1 0.999985 0.99997 0.999959 0.99995 0.999946 0.999946 0.99995 0.999959 0.99997 0.999985 1 
1 0.999978 0.999959 0.999942 0.999931 0.999924 0.999924 0.999931 0.999942 0.999959 0.999978 1 
1 0.999974 0.99995 0.999931 0.999916 0.999909 0.999909 0.999916 0.999931 0.99995 0.999974 1 
1 0.999972 0.999946 0.999924 0.999909 0.999901 0.999901 0.999909 0.999924 0.999946 0.999972 1 
1 0.999972 0.999946 0.999924 0.999909 0.999901 0.999901 0.999909 0.999924 0.999946 0.999972 1 
1 0.999974 0.99995 0.999931 0.999916 0.999909 0.999909 0.999916 0.999931 0.99995 0.999974 1 
1 0.999978 0.999959 0.999942 0.999931 0.999924 0.999924 0.999931 0.999942 0.999959 0.999978 1 
1 0.999985 0.99997 0.999959 0.99995 0.999946 0.999946 0.99995 0.999959 0.99997 0.999985 1 
1 0.999992 0.999985 0.999978 0.999974 0.999972 0.999972 0.999974 0.999978 0.999985 0.999992 1 
1 1 1 1 1 1 1 1 1 1 1 1 

