# vtk DataFile Version 3.0
cell
ASCII
DATASET STRUCTURED_POINTS
DIMENSIONS 12 12 1
ORIGIN 0 0 0
SPACING 1 1 1
POINT_DATA 144
SCALARS cell double
LOOKUP_TABLE default
1 1 1 1 1 1 1 1 1 1 1 1 
1 0.979652 0.960962 0.945446 0.934356 0.928581 0.928581 0.934356 0.945446 0.960962 0.979652 1 
1 0.960962 0.925104 0.895336 0.874059 0.862979 0.862979 0.874059 0.895336 0.925104 0.960962 1 
1 0.945446 0.895336 0.853736 0.824003 0.80852 0.80852 0.824003 0.853736 0.895336 0.945446 1 
1 0.934356 0.874059 0.824003 0.788226 0.769595 0.769595 0.788226 0.824003 0.874059 0.934356 1 
1 0.928581 0.862979 0.80852 0.769595 0.749325 0.749325 0.769595 0.80852 0.862979 0.928581 1 
1 0.928581 0.862979 0.80852 0.769595 0.749325 0.749325 0.769595 0.80852 0.862979 0.928581 1 
1 0.934356 0.874059 0.824003 0.788226 0.769595 0.769595 0.788226 0.824003 0.874059 0.934356 1 
1 0.945446 0.895336 0.853736 0.824003 0.80852 0.80852 0.824003 0.853736 0.895336 0.945446 1 
1 0.960962 0.925104 0.895336 0.874059 0.862979 0.862979 0.874059 0.895336 0.925104 0.960962 1 
1 0.979652 0.960962 0.945446 0.934356 0.928581 0.928581 0.934356 0.945446 0.960962 0.979652 1 
1 1 1 1 1 1 1 1 1 1 1 1 

