# vtk DataFile Version 3.0
cell
ASCII
DATASET STRUCTURED_POINTS
DIMENSIONS 12 12 1
ORIGIN 0 0 0
SPACING 1 1 1
POINT_DATA 144
SCALARS cell double
LOOKUP_TABLE default
1 1 1 1 1 1 1 1 1 1 1 1 
1 0.99999 0.999981 0.999974 0.999968 0.999965 0.999965 0.999968 0.999974 0.999981 0.99999 1 
1 0.999981 0.999964 0.999949 0.999939 0.999934 0.999934 0.999939 0.999949 0.999964 0.999981 1 
1 0.999974 0.999949 0.999929 0.999915 0.999907 0.999907 0.999915 0.999929 0.999949 0.999974 1 
1 0.999968 0.999939 0.999915 0.999898 0.999888 0.999888 0.999898 0.999915 0.999939 0.999968 1 
1 0.999965 0.999934 0.999907 0.999888 0.999879 0.999879 0.999888 0.999907 0.999934 0.999965 1 
1 0.999965 0.999934 0.999907 0.999888 0.999879 0.999879 0.999888 0.999907 0.999934 0.999965 1 
1 0.999968 0.999939 0.999915 0.999898 0.999888 0.999888 0.999898 0.999915 0.999939 0.999968 1 
1 0.999974 0.999949 0.999929 0.999915 0.999907 0.999907 0.999915 0.999929 0.999949 0.999974 1 
1 0.999981 0.999964 0.999949 0.999939 0.999934 0.999934 0.999939 0.999949 0.999964 0.999981 1 
1 0.99999 0.999981 0.999974 0.999968 0.999965 0.999965 0.999968 0.999974 0.999981 0.99999 1 
1 1 1 1 1 1 1 1 1 1 1 1 

