# vtk DataFile Version 3.0
cell
ASCII
DATASET STRUCTURED_POINTS
DIMENSIONS 12 12 1
ORIGIN 0 0 0
SPACING 1 1 1
POINT_DATA 144
SCALARS cell double
LOOKUP_TABLE default
1 1 1 1 1 1 1 1 1 1 1 1 
1 0.99459 0.989617 0.985486 0.982531 0.980991 0.980991 0.982531 0.985486 0.989617 0.99459 1 
1 0.989617 0.980076 0.972149 0.966478 0.963522 0.963522 0.966478 0.972149 0.980076 0.989617 1 
1 0.985486 0.972149 0.961067 0.95314 0.949009 0.949009 0.95314 0.961067 0.972149 0.985486 1 
1 0.982531 0.966478 0.95314 0.943599 0.938626 0.938626 0.943599 0.95314 0.966478 0.982531 1 
1 0.980991 0.963522 0.949009 0.938626 0.933216 0.933216 0.938626 0.949009 0.963522 0.980991 1 
1 0.980991 0.963522 0.949009 0.938626 0.933216 0.933216 0.938626 0.949009 0.963522 0.980991 1 
1 0.982531 0.966478 0.95314 0.943599 0.938626 0.938626 0.943599 0.95314 0.966478 0.982531 1 
1 0.985486 0.972149 0.961067 0.95314 0.949009 0.949009 0.95314 0.961067 0.972149 0.985486 1 
1 0.989617 0.980076 0.972149 0.966478 0.963522 0.963522 0.966478 0.972149 0.980076 0.989617 1 
1 0.99459 0.989617 0.985486 0.982531 0.980991 0.980991 0.982531 0.985486 0.989617 0.99459 1 
1 1 1 1 1 1 1 1 1 1 1 1 

