# vtk DataFile Version 3.0
cell
ASCII
DATASET STRUCTURED_POINTS
DIMENSIONS 12 12 1
ORIGIN 0 0 0
SPACING 1 1 1
POINT_DATA 144
SCALARS cell double
LOOKUP_TABLE default
1 1 1 1 1 1 1 1 1 1 1 1 
1 0.984238 0.969755 0.957727 0.949124 0.944643 0.944643 0.949124 0.957727 0.969755 0.984238 1 
1 0.969755 0.941966 0.918885 0.902379 0.893779 0.893779 0.902379 0.918885 0.941966 0.969755 1 
1 0.957727 0.918885 0.886624 0.863553 0.851533 0.851533 0.863553 0.886624 0.918885 0.957727 1 
1 0.949124 0.902379 0.863553 0.835787 0.821322 0.821322 0.835787 0.863553 0.902379 0.949124 1 
1 0.944643 0.893779 0.851533 0.821322 0.805582 0.805582 0.821322 0.851533 0.893779 0.944643 1 
1 0.944643 0.893779 0.851533 0.821322 0.805582 0.805582 0.821322 0.851533 0.893779 0.944643 1 
1 0.949124 0.902379 0.863553 0.835787 0.821322 0.821322 0.835787 0.863553 0.902379 0.949124 1 
1 0.957727 0.918885 0.886624 0.863553 0.851533 0.851533 0.863553 0.886624 0.918885 0.957727 1 
1 0.969755 0.941966 0.918885 0.902379 0.893779 0.893779 0.902379 0.918885 0.941966 0.969755 1 
1 0.984238 0.969755 0.957727 0.949124 0.944643 0.944643 0.949124 0.957727 0.969755 0.984238 1 
1 1 1 1 1 1 1 1 1 1 1 1 

