# vtk DataFile Version 3.0
cell
ASCII
DATASET STRUCTURED_POINTS
DIMENSIONS 12 12 1
ORIGIN 0 0 0
SPACING 1 1 1
POINT_DATA 144
SCALARS cell double
LOOKUP_TABLE default
1 1 1 1 1 1 1 1 1 1 1 1 
1 0.624937 0.444427 0.394004 0.384906 0.38379 0.38379 0.384906 0.394004 0.444427 0.624937 1 
1 0.444427 0.180467 0.108148 0.0954111 0.093892 0.093892 0.0954111 0.108148 0.180467 0.444427 1 
1 0.394004 0.108148 0.0306039 0.0170987 0.0155067 0.0155067 0.0170987 0.0306039 0.108148 0.394004 1 
1 0.384906 0.0954111 0.0170987 0.00349716 0.0018976 0.0018976 0.00349716 0.0170987 0.0954111 0.384906 1 
1 0.38379 0.093892 0.0155067 0.0018976 0.000297611 0.000297611 0.0018976 0.0155067 0.093892 0.38379 1 
1 0.38379 0.093892 0.0155067 0.0018976 0.000297611 0.000297611 0.0018976 0.0155067 0.093892 0.38379 1 
1 0.384906 0.0954111 0.0170987 0.00349716 0.0018976 0.0018976 0.00349716 0.0170987 0.0954111 0.384906 1 
1 0.394004 0.108148 0.0306039 0.0170987 0.0155067 0.0155067 0.0170987 0.0306039 0.108148 0.394004 1 
1 0.444427 0.180467 0.108148 0.0954111 0.093892 0.093892 0.0954111 0.108148 0.180467 0.444427 1 
1 0.624937 0.444427 0.394004 0.384906 0.38379 0.38379 0.384906 0.394004 0.444427 0.624937 1 
1 1 1 1 1 1 1 1 1 1 1 1 

