# vtk DataFile Version 3.0
cell
ASCII
DATASET STRUCTURED_POINTS
DIMENSIONS 12 12 1
ORIGIN 0 0 0
SPACING 1 1 1
POINT_DATA 144
SCALARS cell double
LOOKUP_TABLE default
1 1 1 1 1 1 1 1 1 1 1 1 
1 0.998825 0.997744 0.996847 0.996205 0.995871 0.995871 0.996205 0.996847 0.997744 0.998825 1 
1 0.997744 0.995672 0.99395 0.992718 0.992076 0.992076 0.992718 0.99395 0.995672 0.997744 1 
1 0.996847 0.99395 0.991542 0.98982 0.988923 0.988923 0.98982 0.991542 0.99395 0.996847 1 
1 0.996205 0.992718 0.98982 0.987747 0.986667 0.986667 0.987747 0.98982 0.992718 0.996205 1 
1 0.995871 0.992076 0.988923 0.986667 0.985492 0.985492 0.986667 0.988923 0.992076 0.995871 1 
1 0.995871 0.992076 0.988923 0.986667 0.985492 0.985492 0.986667 0.988923 0.992076 0.995871 1 
1 0.996205 0.992718 0.98982 0.987747 0.986667 0.986667 0.987747 0.98982 0.992718 0.996205 1 
1 0.996847 0.99395 0.991542 0.98982 0.988923 0.988923 0.98982 0.991542 0.99395 0.996847 1 
1 0.997744 0.995672 0.99395 0.992718 0.992076 0.992076 0.992718 0.99395 0.995672 0.997744 1 
1 0.998825 0.997744 0.996847 0.996205 0.995871 0.995871 0.996205 0.996847 0.997744 0.998825 1 
1 1 1 1 1 1 1 1 1 1 1 1 

