# vtk DataFile Version 3.0
cell
ASCII
DATASET STRUCTURED_POINTS
DIMENSIONS 12 12 1
ORIGIN 0 0 0
SPACING 1 1 1
POINT_DATA 144
SCALARS cell double
LOOKUP_TABLE default
1 1 1 1 1 1 1 1 1 1 1 1 
1 0.978583 0.958913 0.942586 0.930919 0.924844 0.924844 0.930919 0.942586 0.958913 0.978583 1 
1 0.958913 0.921177 0.889855 0.867472 0.855818 0.855818 0.867472 0.889855 0.921177 0.958913 1 
1 0.942586 0.889855 0.846087 0.81481 0.798525 0.798525 0.81481 0.846087 0.889855 0.942586 1 
1 0.930919 0.867472 0.81481 0.777178 0.757583 0.757583 0.777178 0.81481 0.867472 0.930919 1 
1 0.924844 0.855818 0.798525 0.757583 0.736266 0.736266 0.757583 0.798525 0.855818 0.924844 1 
1 0.924844 0.855818 0.798525 0.757583 0.736266 0.736266 0.757583 0.798525 0.855818 0.924844 1 
1 0.930919 0.867472 0.81481 0.777178 0.757583 0.757583 0.777178 0.81481 0.867472 0.930919 1 
1 0.942586 0.889855 0.846087 0.81481 0.798525 0.798525 0.81481 0.846087 0.889855 0.942586 1 
1 0.958913 0.921177 0.889855 0.867472 0.855818 0.855818 0.867472 0.889855 0.921177 0.958913 1 
1 0.978583 0.958913 0.942586 0.930919 0.924844 0.924844 0.930919 0.942586 0.958913 0.978583 1 
1 1 1 1 1 1 1 1 1 1 1 1 

