# vtk DataFile Version 3.0
cell
ASCII
DATASET STRUCTURED_POINTS
DIMENSIONS 12 12 1
ORIGIN 0 0 0
SPACING 1 1 1
POINT_DATA 144
SCALARS cell double
LOOKUP_TABLE default
1 1 1 1 1 1 1 1 1 1 1 1 
1 0.99997 0.999942 0.999919 0.999903 0.999894 0.999894 0.999903 0.999919 0.999942 0.99997 1 
1 0.999942 0.999889 0.999845 0.999813 0.999797 0.999797 0.999813 0.999845 0.999889 0.999942 1 
1 0.999919 0.999845 0.999783 0.999739 0.999716 0.999716 0.999739 0.999783 0.999845 0.999919 1 
1 0.999903 0.999813 0.999739 0.999686 0.999658 0.999658 0.999686 0.999739 0.999813 0.999903 1 
1 0.999894 0.999797 0.999716 0.999658 0.999628 0.999628 0.999658 0.999716 0.999797 0.999894 1 
1 0.999894 0.999797 0.999716 0.999658 0.999628 0.999628 0.999658 0.999716 0.999797 0.999894 1 
1 0.999903 0.999813 0.999739 0.999686 0.999658 0.999658 0.999686 0.999739 0.999813 0.999903 1 
1 0.999919 0.999845 0.999783 0.999739 0.999716 0.999716 0.999739 0.999783 0.999845 0.999919 1 
1 0.999942 0.999889 0.999845 0.999813 0.999797 0.999797 0.999813 0.999845 0.999889 0.999942 1 
1 0.99997 0.999942 0.999919 0.999903 0.999894 0.999894 0.999903 0.999919 0.999942 0.99997 1 
1 1 1 1 1 1 1 1 1 1 1 1 

