# vtk DataFile Version 3.0
cell
ASCII
DATASET STRUCTURED_POINTS
DIMENSIONS 12 12 1
ORIGIN 0 0 0
SPACING 1 1 1
POINT_DATA 144
SCALARS cell double
LOOKUP_TABLE default
1 1 1 1 1 1 1 1 1 1 1 1 
1 0.999991 0.999983 0.999976 0.999971 0.999969 0.999969 0.999971 0.999976 0.999983 0.999991 1 
1 0.999983 0.999967 0.999954 0.999945 0.99994 0.99994 0.999945 0.999954 0.999967 0.999983 1 
1 0.999976 0.999954 0.999936 0.999923 0.999916 0.999916 0.999923 0.999936 0.999954 0.999976 1 
1 0.999971 0.999945 0.999923 0.999907 0.999899 0.999899 0.999907 0.999923 0.999945 0.999971 1 
1 0.999969 0.99994 0.999916 0.999899 0.99989 0.99989 0.999899 0.999916 0.99994 0.999969 1 
1 0.999969 0.99994 0.999916 0.999899 0.99989 0.99989 0.999899 0.999916 0.99994 0.999969 1 
1 0.999971 0.999945 0.999923 0.999907 0.999899 0.999899 0.999907 0.999923 0.999945 0.999971 1 
1 0.999976 0.999954 0.999936 0.999923 0.999916 0.999916 0.999923 0.999936 0.999954 0.999976 1 
1 0.999983 0.999967 0.999954 0.999945 0.99994 0.99994 0.999945 0.999954 0.999967 0.999983 1 
1 0.999991 0.999983 0.999976 0.999971 0.999969 0.999969 0.999971 0.999976 0.999983 0.999991 1 
1 1 1 1 1 1 1 1 1 1 1 1 

