# vtk DataFile Version 3.0
cell
ASCII
DATASET STRUCTURED_POINTS
DIMENSIONS 12 12 1
ORIGIN 0 0 0
SPACING 1 1 1
POINT_DATA 144
SCALARS cell double
LOOKUP_TABLE default
1 1 1 1 1 1 1 1 1 1 1 1 
1 0.999998 0.999997 0.999996 0.999995 0.999994 0.999994 0.999995 0.999996 0.999997 0.999998 1 
1 0.999997 0.999994 0.999991 0.99999 0.999989 0.999989 0.99999 0.999991 0.999994 0.999997 1 
1 0.999996 0.999991 0.999988 0.999986 0.999984 0.999984 0.999986 0.999988 0.999991 0.999996 1 
1 0.999995 0.99999 0.999986 0.999983 0.999981 0.999981 0.999983 0.999986 0.99999 0.999995 1 
1 0.999994 0.999989 0.999984 0.999981 0.99998 0.99998 0.999981 0.999984 0.999989 0.999994 1 
1 0.999994 0.999989 0.999984 0.999981 0.99998 0.99998 0.999981 0.999984 0.999989 0.999994 1 
1 0.999995 0.99999 0.999986 0.999983 0.999981 0.999981 0.999983 0.999986 0.99999 0.999995 1 
1 0.999996 0.999991 0.999988 0.999986 0.999984 0.999984 0.999986 0.999988 0.999991 0.999996 1 
1 0.999997 0.999994 0.999991 0.99999 0.999989 0.999989 0.99999 0.999991 0.999994 0.999997 1 
1 0.999998 0.999997 0.999996 0.999995 0.999994 0.999994 0.999995 0.999996 0.999997 0.999998 1 
1 1 1 1 1 1 1 1 1 1 1 1 

