# vtk DataFile Version 3.0
cell
ASCII
DATASET STRUCTURED_POINTS
DIMENSIONS 12 12 1
ORIGIN 0 0 0
SPACING 1 1 1
POINT_DATA 144
SCALARS cell double
LOOKUP_TABLE default
1 1 1 1 1 1 1 1 1 1 1 1 
1 0.990529 0.981826 0.974595 0.969423 0.966727 0.966727 0.969423 0.974595 0.981826 0.990529 1 
1 0.981826 0.965124 0.951249 0.941323 0.936151 0.936151 0.941323 0.951249 0.965124 0.981826 1 
1 0.974595 0.951249 0.931853 0.917978 0.910748 0.910748 0.917978 0.931853 0.951249 0.974595 1 
1 0.969423 0.941323 0.917978 0.901279 0.892577 0.892577 0.901279 0.917978 0.941323 0.969423 1 
1 0.966727 0.936151 0.910748 0.892577 0.883108 0.883108 0.892577 0.910748 0.936151 0.966727 1 
1 0.966727 0.936151 0.910748 0.892577 0.883108 0.883108 0.892577 0.910748 0.936151 0.966727 1 
1 0.969423 0.941323 0.917978 0.901279 0.892577 0.892577 0.901279 0.917978 0.941323 0.969423 1 
1 0.974595 0.951249 0.931853 0.917978 0.910748 0.910748 0.917978 0.931853 0.951249 0.974595 1 
1 0.981826 0.965124 0.951249 0.941323 0.936151 0.936151 0.941323 0.951249 0.965124 0.981826 1 
1 0.990529 0.981826 0.974595 0.969423 0.966727 0.966727 0.969423 0.974595 0.981826 0.990529 1 
1 1 1 1 1 1 1 1 1 1 1 1 

