# vtk DataFile Version 3.0
cell
ASCII
DATASET STRUCTURED_POINTS
DIMENSIONS 12 12 1
ORIGIN 0 0 0
SPACING 1 1 1
POINT_DATA 144
SCALARS cell double
LOOKUP_TABLE default
1 1 1 1 1 1 1 1 1 1 1 1 
1 0.999917 0.99984 0.999776 0.999731 0.999707 0.999707 0.999731 0.999776 0.99984 0.999917 1 
1 0.99984 0.999693 0.999571 0.999484 0.999438 0.999438 0.999484 0.999571 0.999693 0.99984 1 
1 0.999776 0.999571 0.9994 0.999278 0.999215 0.999215 0.999278 0.9994 0.999571 0.999776 1 
1 0.999731 0.999484 0.999278 0.999131 0.999055 0.999055 0.999131 0.999278 0.999484 0.999731 1 
1 0.999707 0.999438 0.999215 0.999055 0.998971 0.998971 0.999055 0.999215 0.999438 0.999707 1 
1 0.999707 0.999438 0.999215 0.999055 0.998971 0.998971 0.999055 0.999215 0.999438 0.999707 1 
1 0.999731 0.999484 0.999278 0.999131 0.999055 0.999055 0.999131 0.999278 0.999484 0.999731 1 
1 0.999776 0.999571 0.9994 0.999278 0.999215 0.999215 0.999278 0.9994 0.999571 0.999776 1 
1 0.99984 0.999693 0.999571 0.999484 0.999438 0.999438 0.999484 0.999571 0.999693 0.99984 1 
1 0.999917 0.99984 0.999776 0.999731 0.999707 0.999707 0.999731 0.999776 0.99984 0.999917 1 
1 1 1 1 1 1 1 1 1 1 1 1 

