# vtk DataFile Version 3.0
cell
ASCII
DATASET STRUCTURED_POINTS
DIMENSIONS 12 12 1
ORIGIN 0 0 0
SPACING 1 1 1
POINT_DATA 144
SCALARS cell double
LOOKUP_TABLE default
1 1 1 1 1 1 1 1 1 1 1 1 
1 0.997062 0.994363 0.99212 0.990515 0.989679 0.989679 0.990515 0.99212 0.994363 0.997062 1 
1 0.994363 0.989182 0.984878 0.981798 0.980194 0.980194 0.981798 0.984878 0.989182 0.994363 1 
1 0.99212 0.984878 0.978861 0.974556 0.972313 0.972313 0.974556 0.978861 0.984878 0.99212 1 
1 0.990515 0.981798 0.974556 0.969376 0.966676 0.966676 0.969376 0.974556 0.981798 0.990515 1 
1 0.989679 0.980194 0.972313 0.966676 0.963738 0.963738 0.966676 0.972313 0.980194 0.989679 1 
1 0.989679 0.980194 0.972313 0.966676 0.963738 0.963738 0.966676 0.972313 0.980194 0.989679 1 
1 0.990515 0.981798 0.974556 0.969376 0.966676 0.966676 0.969376 0.974556 0.981798 0.990515 1 
1 0.99212 0.984878 0.978861 0.974556 0.972313 0.972313 0.974556 0.978861 0.984878 0.99212 1 
1 0.994363 0.989182 0.984878 0.981798 0.980194 0.980194 0.981798 0.984878 0.989182 0.994363 1 
1 0.997062 0.994363 0.99212 0.990515 0.989679 0.989679 0.990515 0.99212 0.994363 0.997062 1 
1 1 1 1 1 1 1 1 1 1 1 1 

