# vtk DataFile Version 3.0
cell
ASCII
DATASET STRUCTURED_POINTS
DIMENSIONS 12 12 1
ORIGIN 0 0 0
SPACING 1 1 1
POINT_DATA 144
SCALARS cell double
LOOKUP_TABLE default
1 1 1 1 1 1 1 1 1 1 1 1 
1 0.988966 0.978827 0.970403 0.964378 0.961238 0.961238 0.964378 0.970403 0.978827 0.988966 1 
1 0.978827 0.95937 0.943206 0.931643 0.925619 0.925619 0.931643 0.943206 0.95937 0.978827 1 
1 0.970403 0.943206 0.920611 0.904449 0.896027 0.896027 0.904449 0.920611 0.943206 0.970403 1 
1 0.964378 0.931643 0.904449 0.884996 0.87486 0.87486 0.884996 0.904449 0.931643 0.964378 1 
1 0.961238 0.925619 0.896027 0.87486 0.86383 0.86383 0.87486 0.896027 0.925619 0.961238 1 
1 0.961238 0.925619 0.896027 0.87486 0.86383 0.86383 0.87486 0.896027 0.925619 0.961238 1 
1 0.964378 0.931643 0.904449 0.884996 0.87486 0.87486 0.884996 0.904449 0.931643 0.964378 1 
1 0.970403 0.943206 0.920611 0.904449 0.896027 0.896027 0.904449 0.920611 0.943206 0.970403 1 
1 0.978827 0.95937 0.943206 0.931643 0.925619 0.925619 0.931643 0.943206 0.95937 0.978827 1 
1 0.988966 0.978827 0.970403 0.964378 0.961238 0.961238 0.964378 0.970403 0.978827 0.988966 1 
1 1 1 1 1 1 1 1 1 1 1 1 

