# vtk DataFile Version 3.0
cell
ASCII
DATASET STRUCTURED_POINTS
DIMENSIONS 12 12 1
ORIGIN 0 0 0
SPACING 1 1 1
POINT_DATA 144
SCALARS cell double
LOOKUP_TABLE default
1 1 1 1 1 1 1 1 1 1 1 1 
1 0.881881 0.785159 0.720031 0.684068 0.669139 0.669139 0.684068 0.720031 0.785159 0.881881 1 
1 0.785159 0.609313 0.491008 0.425752 0.398692 0.398692 0.425752 0.491008 0.609313 0.785159 1 
1 0.720031 0.491008 0.337087 0.252303 0.217193 0.217193 0.252303 0.337087 0.491008 0.720031 1 
1 0.684068 0.425752 0.252303 0.156878 0.117407 0.117407 0.156878 0.252303 0.425752 0.684068 1 
1 0.669139 0.398692 0.217193 0.117407 0.0761603 0.0761603 0.117407 0.217193 0.398692 0.669139 1 
1 0.669139 0.398692 0.217193 0.117407 0.0761603 0.0761603 0.117407 0.217193 0.398692 0.669139 1 
1 0.684068 0.425752 0.252303 0.156878 0.117407 0.117407 0.156878 0.252303 0.425752 0.684068 1 
1 0.720031 0.491008 0.337087 0.252303 0.217193 0.217193 0.252303 0.337087 0.491008 0.720031 1 
1 0.785159 0.609313 0.491008 0.425752 0.398692 0.398692 0.425752 0.491008 0.609313 0.785159 1 
1 0.881881 0.785159 0.720031 0.684068 0.669139 0.669139 0.684068 0.720031 0.785159 0.881881 1 
1 1 1 1 1 1 1 1 1 1 1 1 

