# vtk DataFile Version 3.0
cell
ASCII
DATASET STRUCTURED_POINTS
DIMENSIONS 12 12 1
ORIGIN 0 0 0
SPACING 1 1 1
POINT_DATA 144
SCALARS cell double
LOOKUP_TABLE default
1 1 1 1 1 1 1 1 1 1 1 1 
1 0.999971 0.999945 0.999923 0.999908 0.999899 0.999899 0.999908 0.999923 0.999945 0.999971 1 
1 0.999945 0.999895 0.999853 0.999823 0.999807 0.999807 0.999823 0.999853 0.999895 0.999945 1 
1 0.999923 0.999853 0.999794 0.999752 0.99973 0.99973 0.999752 0.999794 0.999853 0.999923 1 
1 0.999908 0.999823 0.999752 0.999702 0.999675 0.999675 0.999702 0.999752 0.999823 0.999908 1 
1 0.999899 0.999807 0.99973 0.999675 0.999647 0.999647 0.999675 0.99973 0.999807 0.999899 1 
1 0.999899 0.999807 0.99973 0.999675 0.999647 0.999647 0.999675 0.99973 0.999807 0.999899 1 
1 0.999908 0.999823 0.999752 0.999702 0.999675 0.999675 0.999702 0.999752 0.999823 0.999908 1 
1 0.999923 0.999853 0.999794 0.999752 0.99973 0.99973 0.999752 0.999794 0.999853 0.999923 1 
1 0.999945 0.999895 0.999853 0.999823 0.999807 0.999807 0.999823 0.999853 0.999895 0.999945 1 
1 0.999971 0.999945 0.999923 0.999908 0.999899 0.999899 0.999908 0.999923 0.999945 0.999971 1 
1 1 1 1 1 1 1 1 1 1 1 1 

