# vtk DataFile Version 3.0
cell
ASCII
DATASET STRUCTURED_POINTS
DIMENSIONS 12 12 1
ORIGIN 0 0 0
SPACING 1 1 1
POINT_DATA 144
SCALARS cell double
LOOKUP_TABLE default
1 1 1 1 1 1 1 1 1 1 1 1 
1 0.998763 0.997627 0.996682 0.996007 0.995655 0.995655 0.996007 0.996682 0.997627 0.998763 1 
1 0.997627 0.995446 0.993634 0.992337 0.991662 0.991662 0.992337 0.993634 0.995446 0.997627 1 
1 0.996682 0.993634 0.991101 0.989289 0.988344 0.988344 0.989289 0.991101 0.993634 0.996682 1 
1 0.996007 0.992337 0.989289 0.987108 0.985971 0.985971 0.987108 0.989289 0.992337 0.996007 1 
1 0.995655 0.991662 0.988344 0.985971 0.984734 0.984734 0.985971 0.988344 0.991662 0.995655 1 
1 0.995655 0.991662 0.988344 0.985971 0.984734 0.984734 0.985971 0.988344 0.991662 0.995655 1 
1 0.996007 0.992337 0.989289 0.987108 0.985971 0.985971 0.987108 0.989289 0.992337 0.996007 1 
1 0.996682 0.993634 0.991101 0.989289 0.988344 0.988344 0.989289 0.991101 0.993634 0.996682 1 
1 0.997627 0.995446 0.993634 0.992337 0.991662 0.991662 0.992337 0.993634 0.995446 0.997627 1 
1 0.998763 0.997627 0.996682 0.996007 0.995655 0.995655 0.996007 0.996682 0.997627 0.998763 1 
1 1 1 1 1 1 1 1 1 1 1 1 

