# vtk DataFile Version 3.0
cell
ASCII
DATASET STRUCTURED_POINTS
DIMENSIONS 12 12 1
ORIGIN 0 0 0
SPACING 1 1 1
POINT_DATA 144
SCALARS cell double
LOOKUP_TABLE default
1 1 1 1 1 1 1 1 1 1 1 1 
1 0.999967 0.999936 0.999911 0.999892 0.999883 0.999883 0.999892 0.999911 0.999936 0.999967 1 
1 0.999936 0.999877 0.999828 0.999793 0.999775 0.999775 0.999793 0.999828 0.999877 0.999936 1 
1 0.999911 0.999828 0.99976 0.999711 0.999686 0.999686 0.999711 0.99976 0.999828 0.999911 1 
1 0.999892 0.999793 0.999711 0.999652 0.999622 0.999622 0.999652 0.999711 0.999793 0.999892 1 
1 0.999883 0.999775 0.999686 0.999622 0.999588 0.999588 0.999622 0.999686 0.999775 0.999883 1 
1 0.999883 0.999775 0.999686 0.999622 0.999588 0.999588 0.999622 0.999686 0.999775 0.999883 1 
1 0.999892 0.999793 0.999711 0.999652 0.999622 0.999622 0.999652 0.999711 0.999793 0.999892 1 
1 0.999911 0.999828 0.99976 0.999711 0.999686 0.999686 0.999711 0.99976 0.999828 0.999911 1 
1 0.999936 0.999877 0.999828 0.999793 0.999775 0.999775 0.999793 0.999828 0.999877 0.999936 1 
1 0.999967 0.999936 0.999911 0.999892 0.999883 0.999883 0.999892 0.999911 0.999936 0.999967 1 
1 1 1 1 1 1 1 1 1 1 1 1 

