# vtk DataFile Version 3.0
cell
ASCII
DATASET STRUCTURED_POINTS
DIMENSIONS 12 12 1
ORIGIN 0 0 0
SPACING 1 1 1
POINT_DATA 144
SCALARS cell double
LOOKUP_TABLE default
1 1 1 1 1 1 1 1 1 1 1 1 
1 0.437721 0.270494 0.247306 0.245618 0.245555 0.245555 0.245618 0.247306 0.270494 0.437721 1 
1 0.270494 0.060257 0.0323191 0.0303879 0.0303202 0.0303202 0.0303879 0.0323191 0.060257 0.270494 1 
1 0.247306 0.0323191 0.00401878 0.00207806 0.00201035 0.00201035 0.00207806 0.00401878 0.0323191 0.247306 1 
1 0.245618 0.0303879 0.00207806 0.000137329 6.96182e-05 6.96182e-05 0.000137329 0.00207806 0.0303879 0.245618 1 
1 0.245555 0.0303202 0.00201035 6.96182e-05 1.90735e-06 1.90735e-06 6.96182e-05 0.00201035 0.0303202 0.245555 1 
1 0.245555 0.0303202 0.00201035 6.96182e-05 1.90735e-06 1.90735e-06 6.96182e-05 0.00201035 0.0303202 0.245555 1 
1 0.245618 0.0303879 0.00207806 0.000137329 6.96182e-05 6.96182e-05 0.000137329 0.00207806 0.0303879 0.245618 1 
1 0.247306 0.0323191 0.00401878 0.00207806 0.00201035 0.00201035 0.00207806 0.00401878 0.0323191 0.247306 1 
1 0.270494 0.060257 0.0323191 0.0303879 0.0303202 0.0303202 0.0303879 0.0323191 0.060257 0.270494 1 
1 0.437721 0.270494 0.247306 0.245618 0.245555 0.245555 0.245618 0.247306 0.270494 0.437721 1 
1 1 1 1 1 1 1 1 1 1 1 1 

