# vtk DataFile Version 3.0
cell
ASCII
DATASET STRUCTURED_POINTS
DIMENSIONS 12 12 1
ORIGIN 0 0 0
SPACING 1 1 1
POINT_DATA 144
SCALARS cell double
LOOKUP_TABLE default
1 1 1 1 1 1 1 1 1 1 1 1 
1 0.999452 0.998949 0.99853 0.998231 0.998075 0.998075 0.998231 0.99853 0.998949 0.999452 1 
1 0.998949 0.997983 0.99718 0.996606 0.996307 0.996307 0.996606 0.99718 0.997983 0.998949 1 
1 0.99853 0.99718 0.996058 0.995255 0.994837 0.994837 0.995255 0.996058 0.99718 0.99853 1 
1 0.998231 0.996606 0.995255 0.994289 0.993786 0.993786 0.994289 0.995255 0.996606 0.998231 1 
1 0.998075 0.996307 0.994837 0.993786 0.993238 0.993238 0.993786 0.994837 0.996307 0.998075 1 
1 0.998075 0.996307 0.994837 0.993786 0.993238 0.993238 0.993786 0.994837 0.996307 0.998075 1 
1 0.998231 0.996606 0.995255 0.994289 0.993786 0.993786 0.994289 0.995255 0.996606 0.998231 1 
1 0.99853 0.99718 0.996058 0.995255 0.994837 0.994837 0.995255 0.996058 0.99718 0.99853 1 
1 0.998949 0.997983 0.99718 0.996606 0.996307 0.996307 0.996606 0.99718 0.997983 0.998949 1 
1 0.999452 0.998949 0.99853 0.998231 0.998075 0.998075 0.998231 0.99853 0.998949 0.999452 1 
1 1 1 1 1 1 1 1 1 1 1 1 

