# vtk DataFile Version 3.0
cell
ASCII
DATASET STRUCTURED_POINTS
DIMENSIONS 12 12 1
ORIGIN 0 0 0
SPACING 1 1 1
POINT_DATA 144
SCALARS cell double
LOOKUP_TABLE default
1 1 1 1 1 1 1 1 1 1 1 1 
1 0.999881 0.999772 0.999681 0.999616 0.999582 0.999582 0.999616 0.999681 0.999772 0.999881 1 
1 0.999772 0.999562 0.999387 0.999263 0.999198 0.999198 0.999263 0.999387 0.999562 0.999772 1 
1 0.999681 0.999387 0.999144 0.998969 0.998878 0.998878 0.998969 0.999144 0.999387 0.999681 1 
1 0.999616 0.999263 0.998969 0.998759 0.99865 0.99865 0.998759 0.998969 0.999263 0.999616 1 
1 0.999582 0.999198 0.998878 0.99865 0.998531 0.998531 0.99865 0.998878 0.999198 0.999582 1 
1 0.999582 0.999198 0.998878 0.99865 0.998531 0.998531 0.99865 0.998878 0.999198 0.999582 1 
1 0.999616 0.999263 0.998969 0.998759 0.99865 0.99865 0.998759 0.998969 0.999263 0.999616 1 
1 0.999681 0.999387 0.999144 0.998969 0.998878 0.998878 0.998969 0.999144 0.999387 0.999681 1 
1 0.999772 0.999562 0.999387 0.999263 0.999198 0.999198 0.999263 0.999387 0.999562 0.999772 1 
1 0.999881 0.999772 0.999681 0.999616 0.999582 0.999582 0.999616 0.999681 0.999772 0.999881 1 
1 1 1 1 1 1 1 1 1 1 1 1 

