# vtk DataFile Version 3.0
cell
ASCII
DATASET STRUCTURED_POINTS
DIMENSIONS 12 12 1
ORIGIN 0 0 0
SPACING 1 1 1
POINT_DATA 144
SCALARS cell double
LOOKUP_TABLE default
1 1 1 1 1 1 1 1 1 1 1 1 
1 0.999925 0.999856 0.999798 0.999757 0.999736 0.999736 0.999757 0.999798 0.999856 0.999925 1 
1 0.999856 0.999723 0.999612 0.999534 0.999492 0.999492 0.999534 0.999612 0.999723 0.999856 1 
1 0.999798 0.999612 0.999458 0.999348 0.999291 0.999291 0.999348 0.999458 0.999612 0.999798 1 
1 0.999757 0.999534 0.999348 0.999215 0.999146 0.999146 0.999215 0.999348 0.999534 0.999757 1 
1 0.999736 0.999492 0.999291 0.999146 0.999071 0.999071 0.999146 0.999291 0.999492 0.999736 1 
1 0.999736 0.999492 0.999291 0.999146 0.999071 0.999071 0.999146 0.999291 0.999492 0.999736 1 
1 0.999757 0.999534 0.999348 0.999215 0.999146 0.999146 0.999215 0.999348 0.999534 0.999757 1 
1 0.999798 0.999612 0.999458 0.999348 0.999291 0.999291 0.999348 0.999458 0.999612 0.999798 1 
1 0.999856 0.999723 0.999612 0.999534 0.999492 0.999492 0.999534 0.999612 0.999723 0.999856 1 
1 0.999925 0.999856 0.999798 0.999757 0.999736 0.999736 0.999757 0.999798 0.999856 0.999925 1 
1 1 1 1 1 1 1 1 1 1 1 1 

