# vtk DataFile Version 3.0
cell
ASCII
DATASET STRUCTURED_POINTS
DIMENSIONS 12 12 1
ORIGIN 0 0 0
SPACING 1 1 1
POINT_DATA 144
SCALARS cell double
LOOKUP_TABLE default
1 1 1 1 1 1 1 1 1 1 1 1 
1 0.998631 0.997372 0.996327 0.995579 0.995189 0.995189 0.995579 0.996327 0.997372 0.998631 1 
1 0.997372 0.994958 0.992952 0.991516 0.990769 0.990769 0.991516 0.992952 0.994958 0.997372 1 
1 0.996327 0.992952 0.990147 0.988141 0.987096 0.987096 0.988141 0.990147 0.992952 0.996327 1 
1 0.995579 0.991516 0.988141 0.985726 0.984468 0.984468 0.985726 0.988141 0.991516 0.995579 1 
1 0.995189 0.990769 0.987096 0.984468 0.983099 0.983099 0.984468 0.987096 0.990769 0.995189 1 
1 0.995189 0.990769 0.987096 0.984468 0.983099 0.983099 0.984468 0.987096 0.990769 0.995189 1 
1 0.995579 0.991516 0.988141 0.985726 0.984468 0.984468 0.985726 0.988141 0.991516 0.995579 1 
1 0.996327 0.992952 0.990147 0.988141 0.987096 0.987096 0.988141 0.990147 0.992952 0.996327 1 
1 0.997372 0.994958 0.992952 0.991516 0.990769 0.990769 0.991516 0.992952 0.994958 0.997372 1 
1 0.998631 0.997372 0.996327 0.995579 0.995189 0.995189 0.995579 0.996327 0.997372 0.998631 1 
1 1 1 1 1 1 1 1 1 1 1 1 

