# vtk DataFile Version 3.0
cell
ASCII
DATASET STRUCTURED_POINTS
DIMENSIONS 12 12 1
ORIGIN 0 0 0
SPACING 1 1 1
POINT_DATA 144
SCALARS cell double
LOOKUP_TABLE default
1 1 1 1 1 1 1 1 1 1 1 1 
1 0.999134 0.998338 0.997677 0.997204 0.996957 0.996957 0.997204 0.997677 0.998338 0.999134 1 
1 0.998338 0.996811 0.995542 0.994634 0.994161 0.994161 0.994634 0.995542 0.996811 0.998338 1 
1 0.997677 0.995542 0.993768 0.992499 0.991838 0.991838 0.992499 0.993768 0.995542 0.997677 1 
1 0.997204 0.994634 0.992499 0.990971 0.990176 0.990176 0.990971 0.992499 0.994634 0.997204 1 
1 0.996957 0.994161 0.991838 0.990176 0.989309 0.989309 0.990176 0.991838 0.994161 0.996957 1 
1 0.996957 0.994161 0.991838 0.990176 0.989309 0.989309 0.990176 0.991838 0.994161 0.996957 1 
1 0.997204 0.994634 0.992499 0.990971 0.990176 0.990176 0.990971 0.992499 0.994634 0.997204 1 
1 0.997677 0.995542 0.993768 0.992499 0.991838 0.991838 0.992499 0.993768 0.995542 0.997677 1 
1 0.998338 0.996811 0.995542 0.994634 0.994161 0.994161 0.994634 0.995542 0.996811 0.998338 1 
1 0.999134 0.998338 0.997677 0.997204 0.996957 0.996957 0.997204 0.997677 0.998338 0.999134 1 
1 1 1 1 1 1 1 1 1 1 1 1 

