# vtk DataFile Version 3.0
cell
ASCII
DATASET STRUCTURED_POINTS
DIMENSIONS 12 12 1
ORIGIN 0 0 0
SPACING 1 1 1
POINT_DATA 144
SCALARS cell double
LOOKUP_TABLE default
1 1 1 1 1 1 1 1 1 1 1 1 
1 0.983413 0.968173 0.955516 0.946465 0.94175 0.94175 0.946465 0.955516 0.968173 0.983413 1 
1 0.968173 0.938931 0.914645 0.897279 0.888231 0.888231 0.897279 0.914645 0.938931 0.968173 1 
1 0.955516 0.914645 0.880701 0.856428 0.843783 0.843783 0.856428 0.880701 0.914645 0.955516 1 
1 0.946465 0.897279 0.856428 0.827216 0.811998 0.811998 0.827216 0.856428 0.897279 0.946465 1 
1 0.94175 0.888231 0.843783 0.811998 0.79544 0.79544 0.811998 0.843783 0.888231 0.94175 1 
1 0.94175 0.888231 0.843783 0.811998 0.79544 0.79544 0.811998 0.843783 0.888231 0.94175 1 
1 0.946465 0.897279 0.856428 0.827216 0.811998 0.811998 0.827216 0.856428 0.897279 0.946465 1 
1 0.955516 0.914645 0.880701 0.856428 0.843783 0.843783 0.856428 0.880701 0.914645 0.955516 1 
1 0.968173 0.938931 0.914645 0.897279 0.888231 0.888231 0.897279 0.914645 0.938931 0.968173 1 
1 0.983413 0.968173 0.955516 0.946465 0.94175 0.94175 0.946465 0.955516 0.968173 0.983413 1 
1 1 1 1 1 1 1 1 1 1 1 1 

