# vtk DataFile Version 3.0
cell
ASCII
DATASET STRUCTURED_POINTS
DIMENSIONS 12 12 1
ORIGIN 0 0 0
SPACING 1 1 1
POINT_DATA 144
SCALARS cell double
LOOKUP_TABLE default
1 1 1 1 1 1 1 1 1 1 1 1 
1 0.999983 0.999967 0.999954 0.999944 0.99994 0.99994 0.999944 0.999954 0.999967 0.999983 1 
1 0.999967 0.999937 0.999911 0.999893 0.999884 0.999884 0.999893 0.999911 0.999937 0.999967 1 
1 0.999954 0.999911 0.999876 0.999851 0.999838 0.999838 0.999851 0.999876 0.999911 0.999954 1 
1 0.999944 0.999893 0.999851 0.999821 0.999805 0.999805 0.999821 0.999851 0.999893 0.999944 1 
1 0.99994 0.999884 0.999838 0.999805 0.999788 0.999788 0.999805 0.999838 0.999884 0.99994 1 
1 0.99994 0.999884 0.999838 0.999805 0.999788 0.999788 0.999805 0.999838 0.999884 0.99994 1 
1 0.999944 0.999893 0.999851 0.999821 0.999805 0.999805 0.999821 0.999851 0.999893 0.999944 1 
1 0.999954 0.999911 0.999876 0.999851 0.999838 0.999838 0.999851 0.999876 0.999911 0.999954 1 
1 0.999967 0.999937 0.999911 0.999893 0.999884 0.999884 0.999893 0.999911 0.999937 0.999967 1 
1 0.999983 0.999967 0.999954 0.999944 0.99994 0.99994 0.999944 0.999954 0.999967 0.999983 1 
1 1 1 1 1 1 1 1 1 1 1 1 

