# vtk DataFile Version 3.0
cell
ASCII
DATASET STRUCTURED_POINTS
DIMENSIONS 12 12 1
ORIGIN 0 0 0
SPACING 1 1 1
POINT_DATA 144
SCALARS cell double
LOOKUP_TABLE default
1 1 1 1 1 1 1 1 1 1 1 1 
1 0.985766 0.972686 0.961822 0.954051 0.950003 0.950003 0.954051 0.961822 0.972686 0.985766 1 
1 0.972686 0.947589 0.926741 0.91183 0.904062 0.904062 0.91183 0.926741 0.947589 0.972686 1 
1 0.961822 0.926741 0.897601 0.876759 0.8659 0.8659 0.876759 0.897601 0.926741 0.961822 1 
1 0.954051 0.91183 0.876759 0.851676 0.838607 0.838607 0.851676 0.876759 0.91183 0.954051 1 
1 0.950003 0.904062 0.8659 0.838607 0.824386 0.824386 0.838607 0.8659 0.904062 0.950003 1 
1 0.950003 0.904062 0.8659 0.838607 0.824386 0.824386 0.838607 0.8659 0.904062 0.950003 1 
1 0.954051 0.91183 0.876759 0.851676 0.838607 0.838607 0.851676 0.876759 0.91183 0.954051 1 
1 0.961822 0.926741 0.897601 0.876759 0.8659 0.8659 0.876759 0.897601 0.926741 0.961822 1 
1 0.972686 0.947589 0.926741 0.91183 0.904062 0.904062 0.91183 0.926741 0.947589 0.972686 1 
1 0.985766 0.972686 0.961822 0.954051 0.950003 0.950003 0.954051 0.961822 0.972686 0.985766 1 
1 1 1 1 1 1 1 1 1 1 1 1 

