# vtk DataFile Version 3.0
cell
ASCII
DATASET STRUCTURED_POINTS
DIMENSIONS 12 12 1
ORIGIN 0 0 0
SPACING 1 1 1
POINT_DATA 144
SCALARS cell double
LOOKUP_TABLE default
1 1 1 1 1 1 1 1 1 1 1 1 
1 0.997943 0.996052 0.994481 0.993358 0.992772 0.992772 0.993358 0.994481 0.996052 0.997943 1 
1 0.996052 0.992424 0.98941 0.987253 0.98613 0.98613 0.987253 0.98941 0.992424 0.996052 1 
1 0.994481 0.98941 0.985196 0.982182 0.980611 0.980611 0.982182 0.985196 0.98941 0.994481 1 
1 0.993358 0.987253 0.982182 0.978554 0.976663 0.976663 0.978554 0.982182 0.987253 0.993358 1 
1 0.992772 0.98613 0.980611 0.976663 0.974606 0.974606 0.976663 0.980611 0.98613 0.992772 1 
1 0.992772 0.98613 0.980611 0.976663 0.974606 0.974606 0.976663 0.980611 0.98613 0.992772 1 
1 0.993358 0.987253 0.982182 0.978554 0.976663 0.976663 0.978554 0.982182 0.987253 0.993358 1 
1 0.994481 0.98941 0.985196 0.982182 0.980611 0.980611 0.982182 0.985196 0.98941 0.994481 1 
1 0.996052 0.992424 0.98941 0.987253 0.98613 0.98613 0.987253 0.98941 0.992424 0.996052 1 
1 0.997943 0.996052 0.994481 0.993358 0.992772 0.992772 0.993358 0.994481 0.996052 0.997943 1 
1 1 1 1 1 1 1 1 1 1 1 1 

