# vtk DataFile Version 3.0
cell
ASCII
DATASET STRUCTURED_POINTS
DIMENSIONS 12 12 1
ORIGIN 0 0 0
SPACING 1 1 1
POINT_DATA 144
SCALARS cell double
LOOKUP_TABLE default
1 1 1 1 1 1 1 1 1 1 1 1 
1 0.999996 0.999992 0.999989 0.999987 0.999985 0.999985 0.999987 0.999989 0.999992 0.999996 1 
1 0.999992 0.999985 0.999979 0.999974 0.999972 0.999972 0.999974 0.999979 0.999985 0.999992 1 
1 0.999989 0.999979 0.99997 0.999964 0.999961 0.999961 0.999964 0.99997 0.999979 0.999989 1 
1 0.999987 0.999974 0.999964 0.999957 0.999953 0.999953 0.999957 0.999964 0.999974 0.999987 1 
1 0.999985 0.999972 0.999961 0.999953 0.999949 0.999949 0.999953 0.999961 0.999972 0.999985 1 
1 0.999985 0.999972 0.999961 0.999953 0.999949 0.999949 0.999953 0.999961 0.999972 0.999985 1 
1 0.999987 0.999974 0.999964 0.999957 0.999953 0.999953 0.999957 0.999964 0.999974 0.999987 1 
1 0.999989 0.999979 0.99997 0.999964 0.999961 0.999961 0.999964 0.99997 0.999979 0.999989 1 
1 0.999992 0.999985 0.999979 0.999974 0.999972 0.999972 0.999974 0.999979 0.999985 0.999992 1 
1 0.999996 0.999992 0.999989 0.999987 0.999985 0.999985 0.999987 0.999989 0.999992 0.999996 1 
1 1 1 1 1 1 1 1 1 1 1 1 

