# vtk DataFile Version 3.0
cell
ASCII
DATASET STRUCTURED_POINTS
DIMENSIONS 12 12 1
ORIGIN 0 0 0
SPACING 1 1 1
POINT_DATA 144
SCALARS cell double
LOOKUP_TABLE default
1 1 1 1 1 1 1 1 1 1 1 1 
1 0.999991 0.999982 0.999975 0.99997 0.999967 0.999967 0.99997 0.999975 0.999982 0.999991 1 
1 0.999982 0.999966 0.999952 0.999942 0.999937 0.999937 0.999942 0.999952 0.999966 0.999982 1 
1 0.999975 0.999952 0.999933 0.999919 0.999912 0.999912 0.999919 0.999933 0.999952 0.999975 1 
1 0.99997 0.999942 0.999919 0.999903 0.999894 0.999894 0.999903 0.999919 0.999942 0.99997 1 
1 0.999967 0.999937 0.999912 0.999894 0.999885 0.999885 0.999894 0.999912 0.999937 0.999967 1 
1 0.999967 0.999937 0.999912 0.999894 0.999885 0.999885 0.999894 0.999912 0.999937 0.999967 1 
1 0.99997 0.999942 0.999919 0.999903 0.999894 0.999894 0.999903 0.999919 0.999942 0.99997 1 
1 0.999975 0.999952 0.999933 0.999919 0.999912 0.999912 0.999919 0.999933 0.999952 0.999975 1 
1 0.999982 0.999966 0.999952 0.999942 0.999937 0.999937 0.999942 0.999952 0.999966 0.999982 1 
1 0.999991 0.999982 0.999975 0.99997 0.999967 0.999967 0.99997 0.999975 0.999982 0.999991 1 
1 1 1 1 1 1 1 1 1 1 1 1 

