# vtk DataFile Version 3.0
cell
ASCII
DATASET STRUCTURED_POINTS
DIMENSIONS 12 12 1
ORIGIN 0 0 0
SPACING 1 1 1
POINT_DATA 144
SCALARS cell double
LOOKUP_TABLE default
1 1 1 1 1 1 1 1 1 1 1 1 
1 0.999995 0.999991 0.999988 0.999985 0.999984 0.999984 0.999985 0.999988 0.999991 0.999995 1 
1 0.999991 0.999983 0.999976 0.999972 0.999969 0.999969 0.999972 0.999976 0.999983 0.999991 1 
1 0.999988 0.999976 0.999967 0.99996 0.999957 0.999957 0.99996 0.999967 0.999976 0.999988 1 
1 0.999985 0.999972 0.99996 0.999952 0.999948 0.999948 0.999952 0.99996 0.999972 0.999985 1 
1 0.999984 0.999969 0.999957 0.999948 0.999943 0.999943 0.999948 0.999957 0.999969 0.999984 1 
1 0.999984 0.999969 0.999957 0.999948 0.999943 0.999943 0.999948 0.999957 0.999969 0.999984 1 
1 0.999985 0.999972 0.99996 0.999952 0.999948 0.999948 0.999952 0.99996 0.999972 0.999985 1 
1 0.999988 0.999976 0.999967 0.99996 0.999957 0.999957 0.99996 0.999967 0.999976 0.999988 1 
1 0.999991 0.999983 0.999976 0.999972 0.999969 0.999969 0.999972 0.999976 0.999983 0.999991 1 
1 0.999995 0.999991 0.999988 0.999985 0.999984 0.999984 0.999985 0.999988 0.999991 0.999995 1 
1 1 1 1 1 1 1 1 1 1 1 1 

