# vtk DataFile Version 3.0
cell
ASCII
DATASET STRUCTURED_POINTS
DIMENSIONS 12 12 1
ORIGIN 0 0 0
SPACING 1 1 1
POINT_DATA 144
SCALARS cell double
LOOKUP_TABLE default
1 1 1 1 1 1 1 1 1 1 1 1 
1 0.999717 0.999458 0.999242 0.999087 0.999007 0.999007 0.999087 0.999242 0.999458 0.999717 1 
1 0.999458 0.998959 0.998545 0.998248 0.998094 0.998094 0.998248 0.998545 0.998959 0.999458 1 
1 0.999242 0.998545 0.997966 0.997552 0.997336 0.997336 0.997552 0.997966 0.998545 0.999242 1 
1 0.999087 0.998248 0.997552 0.997053 0.996793 0.996793 0.997053 0.997552 0.998248 0.999087 1 
1 0.999007 0.998094 0.997336 0.996793 0.996511 0.996511 0.996793 0.997336 0.998094 0.999007 1 
1 0.999007 0.998094 0.997336 0.996793 0.996511 0.996511 0.996793 0.997336 0.998094 0.999007 1 
1 0.999087 0.998248 0.997552 0.997053 0.996793 0.996793 0.997053 0.997552 0.998248 0.999087 1 
1 0.999242 0.998545 0.997966 0.997552 0.997336 0.997336 0.997552 0.997966 0.998545 0.999242 1 
1 0.999458 0.998959 0.998545 0.998248 0.998094 0.998094 0.998248 0.998545 0.998959 0.999458 1 
1 0.999717 0.999458 0.999242 0.999087 0.999007 0.999007 0.999087 0.999242 0.999458 0.999717 1 
1 1 1 1 1 1 1 1 1 1 1 1 

