# vtk DataFile Version 3.0
cell
ASCII
DATASET STRUCTURED_POINTS
DIMENSIONS 12 12 1
ORIGIN 0 0 0
SPACING 1 1 1
POINT_DATA 144
SCALARS cell double
LOOKUP_TABLE default
1 1 1 1 1 1 1 1 1 1 1 1 
1 0.999977 0.999955 0.999937 0.999925 0.999918 0.999918 0.999925 0.999937 0.999955 0.999977 1 
1 0.999955 0.999914 0.99988 0.999855 0.999843 0.999843 0.999855 0.99988 0.999914 0.999955 1 
1 0.999937 0.99988 0.999832 0.999798 0.99978 0.99978 0.999798 0.999832 0.99988 0.999937 1 
1 0.999925 0.999855 0.999798 0.999757 0.999735 0.999735 0.999757 0.999798 0.999855 0.999925 1 
1 0.999918 0.999843 0.99978 0.999735 0.999712 0.999712 0.999735 0.99978 0.999843 0.999918 1 
1 0.999918 0.999843 0.99978 0.999735 0.999712 0.999712 0.999735 0.99978 0.999843 0.999918 1 
1 0.999925 0.999855 0.999798 0.999757 0.999735 0.999735 0.999757 0.999798 0.999855 0.999925 1 
1 0.999937 0.99988 0.999832 0.999798 0.99978 0.99978 0.999798 0.999832 0.99988 0.999937 1 
1 0.999955 0.999914 0.99988 0.999855 0.999843 0.999843 0.999855 0.99988 0.999914 0.999955 1 
1 0.999977 0.999955 0.999937 0.999925 0.999918 0.999918 0.999925 0.999937 0.999955 0.999977 1 
1 1 1 1 1 1 1 1 1 1 1 1 

