# vtk DataFile Version 3.0
cell
ASCII
DATASET STRUCTURED_POINTS
DIMENSIONS 12 12 1
ORIGIN 0 0 0
SPACING 1 1 1
POINT_DATA 144
SCALARS cell double
LOOKUP_TABLE default
1 1 1 1 1 1 1 1 1 1 1 1 
1 0.973693 0.949548 0.929531 0.915245 0.907813 0.907813 0.915245 0.929531 0.949548 0.973693 1 
1 0.949548 0.903242 0.864853 0.837455 0.823203 0.823203 0.837455 0.864853 0.903242 0.949548 1 
1 0.929531 0.864853 0.811233 0.772964 0.753058 0.753058 0.772964 0.811233 0.864853 0.929531 1 
1 0.915245 0.837455 0.772964 0.726938 0.702996 0.702996 0.726938 0.772964 0.837455 0.915245 1 
1 0.907813 0.823203 0.753058 0.702996 0.676956 0.676956 0.702996 0.753058 0.823203 0.907813 1 
1 0.907813 0.823203 0.753058 0.702996 0.676956 0.676956 0.702996 0.753058 0.823203 0.907813 1 
1 0.915245 0.837455 0.772964 0.726938 0.702996 0.702996 0.726938 0.772964 0.837455 0.915245 1 
1 0.929531 0.864853 0.811233 0.772964 0.753058 0.753058 0.772964 0.811233 0.864853 0.929531 1 
1 0.949548 0.903242 0.864853 0.837455 0.823203 0.823203 0.837455 0.864853 0.903242 0.949548 1 
1 0.973693 0.949548 0.929531 0.915245 0.907813 0.907813 0.915245 0.929531 0.949548 0.973693 1 
1 1 1 1 1 1 1 1 1 1 1 1 

