# vtk DataFile Version 3.0
cell
ASCII
DATASET STRUCTURED_POINTS
DIMENSIONS 12 12 1
ORIGIN 0 0 0
SPACING 1 1 1
POINT_DATA 144
SCALARS cell double
LOOKUP_TABLE default
1 1 1 1 1 1 1 1 1 1 1 1 
1 0.9433 0.892204 0.85116 0.822889 0.808588 0.808588 0.822889 0.85116 0.892204 0.9433 1 
1 0.892204 0.795065 0.717038 0.663295 0.636112 0.636112 0.663295 0.717038 0.795065 0.892204 1 
1 0.85116 0.717038 0.60931 0.535115 0.497588 0.497588 0.535115 0.60931 0.717038 0.85116 1 
1 0.822889 0.663295 0.535115 0.446839 0.402192 0.402192 0.446839 0.535115 0.663295 0.822889 1 
1 0.808588 0.636112 0.497588 0.402192 0.353946 0.353946 0.402192 0.497588 0.636112 0.808588 1 
1 0.808588 0.636112 0.497588 0.402192 0.353946 0.353946 0.402192 0.497588 0.636112 0.808588 1 
1 0.822889 0.663295 0.535115 0.446839 0.402192 0.402192 0.446839 0.535115 0.663295 0.822889 1 
1 0.85116 0.717038 0.60931 0.535115 0.497588 0.497588 0.535115 0.60931 0.717038 0.85116 1 
1 0.892204 0.795065 0.717038 0.663295 0.636112 0.636112 0.663295 0.717038 0.795065 0.892204 1 
1 0.9433 0.892204 0.85116 0.822889 0.808588 0.808588 0.822889 0.85116 0.892204 0.9433 1 
1 1 1 1 1 1 1 1 1 1 1 1 

