# vtk DataFile Version 3.0
cell
ASCII
DATASET STRUCTURED_POINTS
DIMENSIONS 12 12 1
ORIGIN 0 0 0
SPACING 1 1 1
POINT_DATA 144
SCALARS cell double
LOOKUP_TABLE default
1 1 1 1 1 1 1 1 1 1 1 1 
1 0.998699 0.997503 0.996509 0.995799 0.995428 0.995428 0.995799 0.996509 0.997503 0.998699 1 
1 0.997503 0.995208 0.993301 0.991937 0.991227 0.991227 0.991937 0.993301 0.995208 0.997503 1 
1 0.996509 0.993301 0.990636 0.988729 0.987736 0.987736 0.988729 0.990636 0.993301 0.996509 1 
1 0.995799 0.991937 0.988729 0.986435 0.985239 0.985239 0.986435 0.988729 0.991937 0.995799 1 
1 0.995428 0.991227 0.987736 0.985239 0.983937 0.983937 0.985239 0.987736 0.991227 0.995428 1 
1 0.995428 0.991227 0.987736 0.985239 0.983937 0.983937 0.985239 0.987736 0.991227 0.995428 1 
1 0.995799 0.991937 0.988729 0.986435 0.985239 0.985239 0.986435 0.988729 0.991937 0.995799 1 
1 0.996509 0.993301 0.990636 0.988729 0.987736 0.987736 0.988729 0.990636 0.993301 0.996509 1 
1 0.997503 0.995208 0.993301 0.991937 0.991227 0.991227 0.991937 0.993301 0.995208 0.997503 1 
1 0.998699 0.997503 0.996509 0.995799 0.995428 0.995428 0.995799 0.996509 0.997503 0.998699 1 
1 1 1 1 1 1 1 1 1 1 1 1 

