# vtk DataFile Version 3.0
cell
ASCII
DATASET STRUCTURED_POINTS
DIMENSIONS 12 12 1
ORIGIN 0 0 0
SPACING 1 1 1
POINT_DATA 144
SCALARS cell double
LOOKUP_TABLE default
1 1 1 1 1 1 1 1 1 1 1 1 
1 0.95763 0.91898 0.887271 0.8649 0.853366 0.853366 0.8649 0.887271 0.91898 0.95763 1 
1 0.91898 0.845075 0.784441 0.741664 0.719611 0.719611 0.741664 0.784441 0.845075 0.91898 1 
1 0.887271 0.784441 0.700079 0.640562 0.609878 0.609878 0.640562 0.700079 0.784441 0.887271 1 
1 0.8649 0.741664 0.640562 0.569235 0.532463 0.532463 0.569235 0.640562 0.741664 0.8649 1 
1 0.853366 0.719611 0.609878 0.532463 0.492553 0.492553 0.532463 0.609878 0.719611 0.853366 1 
1 0.853366 0.719611 0.609878 0.532463 0.492553 0.492553 0.532463 0.609878 0.719611 0.853366 1 
1 0.8649 0.741664 0.640562 0.569235 0.532463 0.532463 0.569235 0.640562 0.741664 0.8649 1 
1 0.887271 0.784441 0.700079 0.640562 0.609878 0.609878 0.640562 0.700079 0.784441 0.887271 1 
1 0.91898 0.845075 0.784441 0.741664 0.719611 0.719611 0.741664 0.784441 0.845075 0.91898 1 
1 0.95763 0.91898 0.887271 0.8649 0.853366 0.853366 0.8649 0.887271 0.91898 0.95763 1 
1 1 1 1 1 1 1 1 1 1 1 1 

