# vtk DataFile Version 3.0
cell
ASCII
DATASET STRUCTURED_POINTS
DIMENSIONS 12 12 1
ORIGIN 0 0 0
SPACING 1 1 1
POINT_DATA 144
SCALARS cell double
LOOKUP_TABLE default
1 1 1 1 1 1 1 1 1 1 1 1 
1 0.999854 0.99972 0.999609 0.999529 0.999487 0.999487 0.999529 0.999609 0.99972 0.999854 1 
1 0.99972 0.999463 0.999249 0.999096 0.999016 0.999016 0.999096 0.999249 0.999463 0.99972 1 
1 0.999609 0.999249 0.99895 0.998737 0.998625 0.998625 0.998737 0.99895 0.999249 0.999609 1 
1 0.999529 0.999096 0.998737 0.998479 0.998345 0.998345 0.998479 0.998737 0.999096 0.999529 1 
1 0.999487 0.999016 0.998625 0.998345 0.998199 0.998199 0.998345 0.998625 0.999016 0.999487 1 
1 0.999487 0.999016 0.998625 0.998345 0.998199 0.998199 0.998345 0.998625 0.999016 0.999487 1 
1 0.999529 0.999096 0.998737 0.998479 0.998345 0.998345 0.998479 0.998737 0.999096 0.999529 1 
1 0.999609 0.999249 0.99895 0.998737 0.998625 0.998625 0.998737 0.99895 0.999249 0.999609 1 
1 0.99972 0.999463 0.999249 0.999096 0.999016 0.999016 0.999096 0.999249 0.999463 0.99972 1 
1 0.999854 0.99972 0.999609 0.999529 0.999487 0.999487 0.999529 0.999609 0.99972 0.999854 1 
1 1 1 1 1 1 1 1 1 1 1 1 

