# vtk DataFile Version 3.0
cell
ASCII
DATASET STRUCTURED_POINTS
DIMENSIONS 12 12 1
ORIGIN 0 0 0
SPACING 1 1 1
POINT_DATA 144
SCALARS cell double
LOOKUP_TABLE default
1 1 1 1 1 1 1 1 1 1 1 1 
1 0.959892 0.923258 0.893134 0.871829 0.860824 0.860824 0.871829 0.893134 0.923258 0.959892 1 
1 0.923258 0.853162 0.795525 0.75476 0.733703 0.733703 0.75476 0.795525 0.853162 0.923258 1 
1 0.893134 0.795525 0.715265 0.6585 0.629177 0.629177 0.6585 0.715265 0.795525 0.893134 1 
1 0.871829 0.75476 0.6585 0.590418 0.555251 0.555251 0.590418 0.6585 0.75476 0.871829 1 
1 0.860824 0.733703 0.629177 0.555251 0.517065 0.517065 0.555251 0.629177 0.733703 0.860824 1 
1 0.860824 0.733703 0.629177 0.555251 0.517065 0.517065 0.555251 0.629177 0.733703 0.860824 1 
1 0.871829 0.75476 0.6585 0.590418 0.555251 0.555251 0.590418 0.6585 0.75476 0.871829 1 
1 0.893134 0.795525 0.715265 0.6585 0.629177 0.629177 0.6585 0.715265 0.795525 0.893134 1 
1 0.923258 0.853162 0.795525 0.75476 0.733703 0.733703 0.75476 0.795525 0.853162 0.923258 1 
1 0.959892 0.923258 0.893134 0.871829 0.860824 0.860824 0.871829 0.893134 0.923258 0.959892 1 
1 1 1 1 1 1 1 1 1 1 1 1 

