# vtk DataFile Version 3.0
cell
ASCII
DATASET STRUCTURED_POINTS
DIMENSIONS 12 12 1
ORIGIN 0 0 0
SPACING 1 1 1
POINT_DATA 144
SCALARS cell double
LOOKUP_TABLE default
1 1 1 1 1 1 1 1 1 1 1 1 
1 0.999995 0.99999 0.999986 0.999983 0.999981 0.999981 0.999983 0.999986 0.99999 0.999995 1 
1 0.99999 0.99998 0.999973 0.999967 0.999964 0.999964 0.999967 0.999973 0.99998 0.99999 1 
1 0.999986 0.999973 0.999962 0.999954 0.99995 0.99995 0.999954 0.999962 0.999973 0.999986 1 
1 0.999983 0.999967 0.999954 0.999944 0.999939 0.999939 0.999944 0.999954 0.999967 0.999983 1 
1 0.999981 0.999964 0.99995 0.999939 0.999934 0.999934 0.999939 0.99995 0.999964 0.999981 1 
1 0.999981 0.999964 0.99995 0.999939 0.999934 0.999934 0.999939 0.99995 0.999964 0.999981 1 
1 0.999983 0.999967 0.999954 0.999944 0.999939 0.999939 0.999944 0.999954 0.999967 0.999983 1 
1 0.999986 0.999973 0.999962 0.999954 0.99995 0.99995 0.999954 0.999962 0.999973 0.999986 1 
1 0.99999 0.99998 0.999973 0.999967 0.999964 0.999964 0.999967 0.999973 0.99998 0.99999 1 
1 0.999995 0.99999 0.999986 0.999983 0.999981 0.999981 0.999983 0.999986 0.99999 0.999995 1 
1 1 1 1 1 1 1 1 1 1 1 1 

