# vtk DataFile Version 3.0
cell
ASCII
DATASET STRUCTURED_POINTS
DIMENSIONS 12 12 1
ORIGIN 0 0 0
SPACING 1 1 1
POINT_DATA 144
SCALARS cell double
LOOKUP_TABLE default
1 1 1 1 1 1 1 1 1 1 1 1 
1 0.999553 0.999142 0.998801 0.998557 0.99843 0.99843 0.998557 0.998801 0.999142 0.999553 1 
1 0.999142 0.998354 0.997699 0.997231 0.996987 0.996987 0.997231 0.997699 0.998354 0.999142 1 
1 0.998801 0.997699 0.996784 0.996129 0.995788 0.995788 0.996129 0.996784 0.997699 0.998801 1 
1 0.998557 0.997231 0.996129 0.995341 0.99493 0.99493 0.995341 0.996129 0.997231 0.998557 1 
1 0.99843 0.996987 0.995788 0.99493 0.994483 0.994483 0.99493 0.995788 0.996987 0.99843 1 
1 0.99843 0.996987 0.995788 0.99493 0.994483 0.994483 0.99493 0.995788 0.996987 0.99843 1 
1 0.998557 0.997231 0.996129 0.995341 0.99493 0.99493 0.995341 0.996129 0.997231 0.998557 1 
1 0.998801 0.997699 0.996784 0.996129 0.995788 0.995788 0.996129 0.996784 0.997699 0.998801 1 
1 0.999142 0.998354 0.997699 0.997231 0.996987 0.996987 0.997231 0.997699 0.998354 0.999142 1 
1 0.999553 0.999142 0.998801 0.998557 0.99843 0.99843 0.998557 0.998801 0.999142 0.999553 1 
1 1 1 1 1 1 1 1 1 1 1 1 

