# vtk DataFile Version 3.0
cell
ASCII
DATASET STRUCTURED_POINTS
DIMENSIONS 12 12 1
ORIGIN 0 0 0
SPACING 1 1 1
POINT_DATA 144
SCALARS cell double
LOOKUP_TABLE default
1 1 1 1 1 1 1 1 1 1 1 1 
1 0.999974 0.99995 0.999931 0.999917 0.999909 0.999909 0.999917 0.999931 0.99995 0.999974 1 
1 0.99995 0.999905 0.999867 0.99984 0.999826 0.999826 0.99984 0.999867 0.999905 0.99995 1 
1 0.999931 0.999867 0.999814 0.999776 0.999756 0.999756 0.999776 0.999814 0.999867 0.999931 1 
1 0.999917 0.99984 0.999776 0.99973 0.999707 0.999707 0.99973 0.999776 0.99984 0.999917 1 
1 0.999909 0.999826 0.999756 0.999707 0.999681 0.999681 0.999707 0.999756 0.999826 0.999909 1 
1 0.999909 0.999826 0.999756 0.999707 0.999681 0.999681 0.999707 0.999756 0.999826 0.999909 1 
1 0.999917 0.99984 0.999776 0.99973 0.999707 0.999707 0.99973 0.999776 0.99984 0.999917 1 
1 0.999931 0.999867 0.999814 0.999776 0.999756 0.999756 0.999776 0.999814 0.999867 0.999931 1 
1 0.99995 0.999905 0.999867 0.99984 0.999826 0.999826 0.99984 0.999867 0.999905 0.99995 1 
1 0.999974 0.99995 0.999931 0.999917 0.999909 0.999909 0.999917 0.999931 0.99995 0.999974 1 
1 1 1 1 1 1 1 1 1 1 1 1 

