# vtk DataFile Version 3.0
cell
ASCII
DATASET STRUCTURED_POINTS
DIMENSIONS 12 12 1
ORIGIN 0 0 0
SPACING 1 1 1
POINT_DATA 144
SCALARS cell double
LOOKUP_TABLE default
1 1 1 1 1 1 1 1 1 1 1 1 
1 0.998484 0.997091 0.995933 0.995105 0.994674 0.994674 0.995105 0.995933 0.997091 0.998484 1 
1 0.997091 0.994418 0.992196 0.990607 0.989779 0.989779 0.990607 0.992196 0.994418 0.997091 1 
1 0.995933 0.992196 0.989092 0.98687 0.985713 0.985713 0.98687 0.989092 0.992196 0.995933 1 
1 0.995105 0.990607 0.98687 0.984197 0.982804 0.982804 0.984197 0.98687 0.990607 0.995105 1 
1 0.994674 0.989779 0.985713 0.982804 0.981288 0.981288 0.982804 0.985713 0.989779 0.994674 1 
1 0.994674 0.989779 0.985713 0.982804 0.981288 0.981288 0.982804 0.985713 0.989779 0.994674 1 
1 0.995105 0.990607 0.98687 0.984197 0.982804 0.982804 0.984197 0.98687 0.990607 0.995105 1 
1 0.995933 0.992196 0.989092 0.98687 0.985713 0.985713 0.98687 0.989092 0.992196 0.995933 1 
1 0.997091 0.994418 0.992196 0.990607 0.989779 0.989779 0.990607 0.992196 0.994418 0.997091 1 
1 0.998484 0.997091 0.995933 0.995105 0.994674 0.994674 0.995105 0.995933 0.997091 0.998484 1 
1 1 1 1 1 1 1 1 1 1 1 1 

