# vtk DataFile Version 3.0
cell
ASCII
DATASET STRUCTURED_POINTS
DIMENSIONS 12 12 1
ORIGIN 0 0 0
SPACING 1 1 1
POINT_DATA 144
SCALARS cell double
LOOKUP_TABLE default
1 1 1 1 1 1 1 1 1 1 1 1 
1 0.999947 0.999899 0.999859 0.99983 0.999815 0.999815 0.99983 0.999859 0.999899 0.999947 1 
1 0.999899 0.999806 0.999729 0.999673 0.999645 0.999645 0.999673 0.999729 0.999806 0.999899 1 
1 0.999859 0.999729 0.999621 0.999543 0.999503 0.999503 0.999543 0.999621 0.999729 0.999859 1 
1 0.99983 0.999673 0.999543 0.99945 0.999402 0.999402 0.99945 0.999543 0.999673 0.99983 1 
1 0.999815 0.999645 0.999503 0.999402 0.999349 0.999349 0.999402 0.999503 0.999645 0.999815 1 
1 0.999815 0.999645 0.999503 0.999402 0.999349 0.999349 0.999402 0.999503 0.999645 0.999815 1 
1 0.99983 0.999673 0.999543 0.99945 0.999402 0.999402 0.99945 0.999543 0.999673 0.99983 1 
1 0.999859 0.999729 0.999621 0.999543 0.999503 0.999503 0.999543 0.999621 0.999729 0.999859 1 
1 0.999899 0.999806 0.999729 0.999673 0.999645 0.999645 0.999673 0.999729 0.999806 0.999899 1 
1 0.999947 0.999899 0.999859 0.99983 0.999815 0.999815 0.99983 0.999859 0.999899 0.999947 1 
1 1 1 1 1 1 1 1 1 1 1 1 

