# vtk DataFile Version 3.0
cell
ASCII
DATASET STRUCTURED_POINTS
DIMENSIONS 12 12 1
ORIGIN 0 0 0
SPACING 1 1 1
POINT_DATA 144
SCALARS cell double
LOOKUP_TABLE default
1 1 1 1 1 1 1 1 1 1 1 1 
1 0.999838 0.99969 0.999567 0.999479 0.999433 0.999433 0.999479 0.999567 0.99969 0.999838 1 
1 0.99969 0.999405 0.999169 0.998999 0.998911 0.998911 0.998999 0.999169 0.999405 0.99969 1 
1 0.999567 0.999169 0.998838 0.998601 0.998478 0.998478 0.998601 0.998838 0.999169 0.999567 1 
1 0.999479 0.998999 0.998601 0.998316 0.998168 0.998168 0.998316 0.998601 0.998999 0.999479 1 
1 0.999433 0.998911 0.998478 0.998168 0.998006 0.998006 0.998168 0.998478 0.998911 0.999433 1 
1 0.999433 0.998911 0.998478 0.998168 0.998006 0.998006 0.998168 0.998478 0.998911 0.999433 1 
1 0.999479 0.998999 0.998601 0.998316 0.998168 0.998168 0.998316 0.998601 0.998999 0.999479 1 
1 0.999567 0.999169 0.998838 0.998601 0.998478 0.998478 0.998601 0.998838 0.999169 0.999567 1 
1 0.99969 0.999405 0.999169 0.998999 0.998911 0.998911 0.998999 0.999169 0.999405 0.99969 1 
1 0.999838 0.99969 0.999567 0.999479 0.999433 0.999433 0.999479 0.999567 0.99969 0.999838 1 
1 1 1 1 1 1 1 1 1 1 1 1 

