# vtk DataFile Version 3.0
cell
ASCII
DATASET STRUCTURED_POINTS
DIMENSIONS 12 12 1
ORIGIN 0 0 0
SPACING 1 1 1
POINT_DATA 144
SCALARS cell double
LOOKUP_TABLE default
1 1 1 1 1 1 1 1 1 1 1 1 
1 0.969259 0.941073 0.917746 0.901129 0.892498 0.892498 0.901129 0.917746 0.941073 0.969259 1 
1 0.941073 0.887045 0.84233 0.810478 0.793933 0.793933 0.810478 0.84233 0.887045 0.941073 1 
1 0.917746 0.84233 0.779915 0.735454 0.71236 0.71236 0.735454 0.779915 0.84233 0.917746 1 
1 0.901129 0.810478 0.735454 0.682011 0.654252 0.654252 0.682011 0.735454 0.810478 0.901129 1 
1 0.892498 0.793933 0.71236 0.654252 0.62407 0.62407 0.654252 0.71236 0.793933 0.892498 1 
1 0.892498 0.793933 0.71236 0.654252 0.62407 0.62407 0.654252 0.71236 0.793933 0.892498 1 
1 0.901129 0.810478 0.735454 0.682011 0.654252 0.654252 0.682011 0.735454 0.810478 0.901129 1 
1 0.917746 0.84233 0.779915 0.735454 0.71236 0.71236 0.735454 0.779915 0.84233 0.917746 1 
1 0.941073 0.887045 0.84233 0.810478 0.793933 0.793933 0.810478 0.84233 0.887045 0.941073 1 
1 0.969259 0.941073 0.917746 0.901129 0.892498 0.892498 0.901129 0.917746 0.941073 0.969259 1 
1 1 1 1 1 1 1 1 1 1 1 1 

