# vtk DataFile Version 3.0
cell
ASCII
DATASET STRUCTURED_POINTS
DIMENSIONS 12 12 1
ORIGIN 0 0 0
SPACING 1 1 1
POINT_DATA 144
SCALARS cell double
LOOKUP_TABLE default
1 1 1 1 1 1 1 1 1 1 1 1 
1 0.999939 0.999882 0.999835 0.999802 0.999784 0.999784 0.999802 0.999835 0.999882 0.999939 1 
1 0.999882 0.999774 0.999684 0.99962 0.999586 0.999586 0.99962 0.999684 0.999774 0.999882 1 
1 0.999835 0.999684 0.999558 0.999468 0.999421 0.999421 0.999468 0.999558 0.999684 0.999835 1 
1 0.999802 0.99962 0.999468 0.99936 0.999303 0.999303 0.99936 0.999468 0.99962 0.999802 1 
1 0.999784 0.999586 0.999421 0.999303 0.999242 0.999242 0.999303 0.999421 0.999586 0.999784 1 
1 0.999784 0.999586 0.999421 0.999303 0.999242 0.999242 0.999303 0.999421 0.999586 0.999784 1 
1 0.999802 0.99962 0.999468 0.99936 0.999303 0.999303 0.99936 0.999468 0.99962 0.999802 1 
1 0.999835 0.999684 0.999558 0.999468 0.999421 0.999421 0.999468 0.999558 0.999684 0.999835 1 
1 0.999882 0.999774 0.999684 0.99962 0.999586 0.999586 0.99962 0.999684 0.999774 0.999882 1 
1 0.999939 0.999882 0.999835 0.999802 0.999784 0.999784 0.999802 0.999835 0.999882 0.999939 1 
1 1 1 1 1 1 1 1 1 1 1 1 

