# vtk DataFile Version 3.0
cell
ASCII
DATASET STRUCTURED_POINTS
DIMENSIONS 12 12 1
ORIGIN 0 0 0
SPACING 1 1 1
POINT_DATA 144
SCALARS cell double
LOOKUP_TABLE default
1 1 1 1 1 1 1 1 1 1 1 1 
1 0.995356 0.991087 0.987541 0.985005 0.983683 0.983683 0.985005 0.987541 0.991087 0.995356 1 
1 0.991087 0.982897 0.976092 0.971224 0.968687 0.968687 0.971224 0.976092 0.982897 0.991087 1 
1 0.987541 0.976092 0.96658 0.959775 0.956229 0.956229 0.959775 0.96658 0.976092 0.987541 1 
1 0.985005 0.971224 0.959775 0.951585 0.947316 0.947316 0.951585 0.959775 0.971224 0.985005 1 
1 0.983683 0.968687 0.956229 0.947316 0.942672 0.942672 0.947316 0.956229 0.968687 0.983683 1 
1 0.983683 0.968687 0.956229 0.947316 0.942672 0.942672 0.947316 0.956229 0.968687 0.983683 1 
1 0.985005 0.971224 0.959775 0.951585 0.947316 0.947316 0.951585 0.959775 0.971224 0.985005 1 
1 0.987541 0.976092 0.96658 0.959775 0.956229 0.956229 0.959775 0.96658 0.976092 0.987541 1 
1 0.991087 0.982897 0.976092 0.971224 0.968687 0.968687 0.971224 0.976092 0.982897 0.991087 1 
1 0.995356 0.991087 0.987541 0.985005 0.983683 0.983683 0.985005 0.987541 0.991087 0.995356 1 
1 1 1 1 1 1 1 1 1 1 1 1 

