# vtk DataFile Version 3.0
cell
ASCII
DATASET STRUCTURED_POINTS
DIMENSIONS 12 12 1
ORIGIN 0 0 0
SPACING 1 1 1
POINT_DATA 144
SCALARS cell double
LOOKUP_TABLE default
1 1 1 1 1 1 1 1 1 1 1 1 
1 0.99999 0.99998 0.999972 0.999967 0.999964 0.999964 0.999967 0.999972 0.99998 0.99999 1 
1 0.99998 0.999962 0.999947 0.999936 0.99993 0.99993 0.999936 0.999947 0.999962 0.99998 1 
1 0.999972 0.999947 0.999926 0.99991 0.999903 0.999903 0.99991 0.999926 0.999947 0.999972 1 
1 0.999967 0.999936 0.99991 0.999892 0.999883 0.999883 0.999892 0.99991 0.999936 0.999967 1 
1 0.999964 0.99993 0.999903 0.999883 0.999872 0.999872 0.999883 0.999903 0.99993 0.999964 1 
1 0.999964 0.99993 0.999903 0.999883 0.999872 0.999872 0.999883 0.999903 0.99993 0.999964 1 
1 0.999967 0.999936 0.99991 0.999892 0.999883 0.999883 0.999892 0.99991 0.999936 0.999967 1 
1 0.999972 0.999947 0.999926 0.99991 0.999903 0.999903 0.99991 0.999926 0.999947 0.999972 1 
1 0.99998 0.999962 0.999947 0.999936 0.99993 0.99993 0.999936 0.999947 0.999962 0.99998 1 
1 0.99999 0.99998 0.999972 0.999967 0.999964 0.999964 0.999967 0.999972 0.99998 0.99999 1 
1 1 1 1 1 1 1 1 1 1 1 1 

