# vtk DataFile Version 3.0
cell
ASCII
DATASET STRUCTURED_POINTS
DIMENSIONS 12 12 1
ORIGIN 0 0 0
SPACING 1 1 1
POINT_DATA 144
SCALARS cell double
LOOKUP_TABLE default
1 1 1 1 1 1 1 1 1 1 1 1 
1 0.996578 0.993433 0.99082 0.98895 0.987976 0.987976 0.98895 0.99082 0.993433 0.996578 1 
1 0.993433 0.987397 0.982383 0.978796 0.976927 0.976927 0.978796 0.982383 0.987397 0.993433 1 
1 0.99082 0.982383 0.975374 0.97036 0.967747 0.967747 0.97036 0.975374 0.982383 0.99082 1 
1 0.98895 0.978796 0.97036 0.964324 0.961179 0.961179 0.964324 0.97036 0.978796 0.98895 1 
1 0.987976 0.976927 0.967747 0.961179 0.957757 0.957757 0.961179 0.967747 0.976927 0.987976 1 
1 0.987976 0.976927 0.967747 0.961179 0.957757 0.957757 0.961179 0.967747 0.976927 0.987976 1 
1 0.98895 0.978796 0.97036 0.964324 0.961179 0.961179 0.964324 0.97036 0.978796 0.98895 1 
1 0.99082 0.982383 0.975374 0.97036 0.967747 0.967747 0.97036 0.975374 0.982383 0.99082 1 
1 0.993433 0.987397 0.982383 0.978796 0.976927 0.976927 0.978796 0.982383 0.987397 0.993433 1 
1 0.996578 0.993433 0.99082 0.98895 0.987976 0.987976 0.98895 0.99082 0.993433 0.996578 1 
1 1 1 1 1 1 1 1 1 1 1 1 

