# vtk DataFile Version 3.0
cell
ASCII
DATASET STRUCTURED_POINTS
DIMENSIONS 12 12 1
ORIGIN 0 0 0
SPACING 1 1 1
POINT_DATA 144
SCALARS cell double
LOOKUP_TABLE default
1 1 1 1 1 1 1 1 1 1 1 1 
1 0.999653 0.999335 0.99907 0.998881 0.998783 0.998783 0.998881 0.99907 0.999335 0.999653 1 
1 0.999335 0.998724 0.998216 0.997853 0.997664 0.997664 0.997853 0.998216 0.998724 0.999335 1 
1 0.99907 0.998216 0.997507 0.996999 0.996734 0.996734 0.996999 0.997507 0.998216 0.99907 1 
1 0.998881 0.997853 0.996999 0.996388 0.996069 0.996069 0.996388 0.996999 0.997853 0.998881 1 
1 0.998783 0.997664 0.996734 0.996069 0.995723 0.995723 0.996069 0.996734 0.997664 0.998783 1 
1 0.998783 0.997664 0.996734 0.996069 0.995723 0.995723 0.996069 0.996734 0.997664 0.998783 1 
1 0.998881 0.997853 0.996999 0.996388 0.996069 0.996069 0.996388 0.996999 0.997853 0.998881 1 
1 0.99907 0.998216 0.997507 0.996999 0.996734 0.996734 0.996999 0.997507 0.998216 0.99907 1 
1 0.999335 0.998724 0.998216 0.997853 0.997664 0.997664 0.997853 0.998216 0.998724 0.999335 1 
1 0.999653 0.999335 0.99907 0.998881 0.998783 0.998783 0.998881 0.99907 0.999335 0.999653 1 
1 1 1 1 1 1 1 1 1 1 1 1 

