# vtk DataFile Version 3.0
cell
ASCII
DATASET STRUCTURED_POINTS
DIMENSIONS 12 12 1
ORIGIN 0 0 0
SPACING 1 1 1
POINT_DATA 144
SCALARS cell double
LOOKUP_TABLE default
1 1 1 1 1 1 1 1 1 1 1 1 
1 0.997603 0.995401 0.993571 0.992262 0.99158 0.99158 0.992262 0.993571 0.995401 0.997603 1 
1 0.995401 0.991174 0.987663 0.985151 0.983842 0.983842 0.985151 0.987663 0.991174 0.995401 1 
1 0.993571 0.987663 0.982754 0.979243 0.977413 0.977413 0.979243 0.982754 0.987663 0.993571 1 
1 0.992262 0.985151 0.979243 0.975016 0.972814 0.972814 0.975016 0.979243 0.985151 0.992262 1 
1 0.99158 0.983842 0.977413 0.972814 0.970417 0.970417 0.972814 0.977413 0.983842 0.99158 1 
1 0.99158 0.983842 0.977413 0.972814 0.970417 0.970417 0.972814 0.977413 0.983842 0.99158 1 
1 0.992262 0.985151 0.979243 0.975016 0.972814 0.972814 0.975016 0.979243 0.985151 0.992262 1 
1 0.993571 0.987663 0.982754 0.979243 0.977413 0.977413 0.979243 0.982754 0.987663 0.993571 1 
1 0.995401 0.991174 0.987663 0.985151 0.983842 0.983842 0.985151 0.987663 0.991174 0.995401 1 
1 0.997603 0.995401 0.993571 0.992262 0.99158 0.99158 0.992262 0.993571 0.995401 0.997603 1 
1 1 1 1 1 1 1 1 1 1 1 1 

